stname,cluster_id,utc_timestamp,utc_timestamp_s
MXI ,0,1217522773.7,1217522788.8
MXI ,0,1217522953.2,1217522961.6
MXI ,0,1217523455.4,1217523458.6
MXI ,0,1217523531.3,1217523536.0
MXI ,0,1217525002.5,1217525007.0
MXI ,0,1217525667.6,1217525675.9
MXI ,0,1217526009.5,1217526015.9
MXI ,0,1217527917.6,1217527923.8
MXI ,0,1217528359.1,1217528367.3
MXI ,0,1217529047.7,1217529055.2
MXI ,0,1217529771.3,1217529777.8
MXI ,0,1217529845.7,1217529852.7
MXI ,0,1217530176.5,1217530183.0
MXI ,0,1217530636.2,1217530643.1
MXI ,0,1217530994.8,1217531002.7
MXI ,0,1217531778.9,1217531787.7
MXI ,0,1217532354.3,1217532362.6
MXI ,0,1217532644.6,1217532649.8
MXI ,0,1217537377.3,1217537381.5
MXI ,0,1217537979.4,1217537984.5
MXI ,0,1217538676.8,1217538684.0
MXI ,0,1217539984.8,1217539993.4
MXI ,0,1217540423.9,1217540433.6
MXI ,0,1217548280.7,1217548288.7
MXI ,0,1217554574.2,1217554580.0
MXI ,0,1217554951.3,1217554957.8
MXI ,0,1217558513.4,1217558520.2
MXI ,0,1217559758.3,1217559765.2
MXI ,0,1217562964.2,1217562967.3
MXI ,0,1217563524.3,1217563527.7
MXI ,0,1217564448.9,1217564452.4
MXI ,0,1217566393.7,1217566396.9
MXI ,0,1217567976.3,1217567983.2
MXI ,0,1217570285.7,1217570292.7
MXI ,0,1217570896.7,1217570903.0
MXI ,0,1217572613.1,1217572617.5
MXI ,0,1217574861.0,1217574866.2
MXI ,0,1217575132.0,1217575138.6
MXI ,0,1217578689.7,1217578696.4
MXI ,0,1217579577.1,1217579586.9
MXI ,0,1217579973.1,1217579982.4
MXI ,0,1217581126.7,1217581136.5
MXI ,0,1217581224.6,1217581234.6
MXI ,0,1217581437.6,1217581447.4
MXI ,0,1217581843.8,1217581854.1
MXI ,0,1217582132.3,1217582139.8
MXI ,0,1217582308.7,1217582318.7
MXI ,0,1217582553.4,1217582563.9
MXI ,0,1217583632.5,1217583642.0
MXI ,0,1217584462.8,1217584473.0
MXI ,0,1217584665.2,1217584674.6
MXI ,0,1217585405.9,1217585416.1
MXI ,0,1217585894.9,1217585904.3
MXI ,0,1217586420.4,1217586430.6
MXI ,0,1217586919.2,1217586928.6
MXI ,0,1217589102.6,1217589112.4
MXI ,0,1217589627.4,1217589637.6
MXI ,0,1217589876.8,1217589886.5
MXI ,0,1217591792.4,1217591803.1
MXI ,0,1217592057.4,1217592067.1
MXI ,0,1217592460.6,1217592467.4
MXI ,0,1217593665.8,1217593676.3
MXI ,0,1217596109.4,1217596119.7
MXI ,0,1217596480.8,1217596491.0
MXI ,0,1217597230.0,1217597240.1
MXI ,0,1217598492.0,1217598496.0
MXI ,0,1217598696.7,1217598707.6
MXI ,0,1217598808.7,1217598815.5
MXI ,0,1217599484.7,1217599494.5
MXI ,0,1217600581.5,1217600585.2
MXI ,0,1217600845.8,1217600855.8
MXI ,0,1217601167.1,1217601171.4
MXI ,0,1217602936.7,1217602946.4
MXI ,0,1217603501.5,1217603511.5
MXI ,0,1217604379.8,1217604389.3
MXI ,0,1217604942.8,1217604953.3
MXI ,0,1217606181.8,1217606191.8
MXI ,0,1217606375.4,1217606382.7
MXI ,0,1217606467.7,1217606474.0
MXI ,0,1217607817.7,1217607821.4
MXI ,0,1217608350.4,1217608354.2
MXI ,0,1217610579.4,1217610589.4
MXI ,0,1217618906.6,1217618920.8
MXI ,0,1217620421.0,1217620435.7
MXI ,0,1217621137.4,1217621143.6
MXI ,0,1217621384.0,1217621395.7
MXI ,0,1217622532.9,1217622535.6
MXI ,0,1217623428.7,1217623441.2
MXI ,0,1217623964.3,1217623974.5
MXI ,0,1217624588.4,1217624592.6
MXI ,0,1217624624.8,1217624634.6
MXI ,0,1217625188.8,1217625198.5
MXI ,0,1217625601.8,1217625604.4
MXI ,0,1217625841.8,1217625851.3
MXI ,0,1217627113.2,1217627120.3
MXI ,0,1217627418.2,1217627427.8
MXI ,0,1217629371.2,1217629378.2
MXI ,0,1217629477.5,1217629484.2
MXI ,0,1217629833.7,1217629836.9
MXI ,0,1217630617.7,1217630621.8
MXI ,0,1217634057.0,1217634060.4
MXI ,0,1217634622.1,1217634632.0
MXI ,0,1217635981.3,1217635988.2
MXI ,0,1217636050.4,1217636056.5
MXI ,0,1217637923.0,1217637926.8
MXI ,0,1217638306.1,1217638323.2
MXI ,0,1217638841.1,1217638848.9
MXI ,0,1217640541.6,1217640547.8
MXI ,0,1217641724.3,1217641729.0
MXI ,0,1217647642.4,1217647646.4
MXI ,0,1217648296.3,1217648305.6
MXI ,0,1217648557.7,1217648564.0
MXI ,0,1217652424.2,1217652435.6
MXI ,0,1217654574.4,1217654584.6
MXI ,0,1217657019.2,1217657023.5
MXI ,0,1217658079.8,1217658086.3
MXI ,0,1217660533.0,1217660542.3
MXI ,0,1217660903.7,1217660914.3
MXI ,0,1217662347.4,1217662357.6
MXI ,0,1217665673.2,1217665682.4
MXI ,0,1217666046.2,1217666053.1
MXI ,0,1217666431.0,1217666438.8
MXI ,0,1217671495.2,1217671498.5
MXI ,0,1217673026.4499998,1217673029.7
MXI ,0,1217674697.8,1217674704.1
MXI ,0,1217678225.3,1217678235.3
MXI ,0,1217678774.1,1217678779.1
MXI ,0,1217684712.4,1217684722.5
MXI ,0,1217685480.7,1217685485.9
MXI ,0,1217686949.2,1217686952.7
MXI ,0,1217687085.4,1217687089.0
MXI ,0,1217688526.7,1217688531.3
MXI ,0,1217689582.3,1217689598.1
MXI ,0,1217690036.7,1217690043.9
MXI ,0,1217691610.1,1217691620.3
MXI ,0,1217692527.4,1217692533.5
MXI ,0,1217693197.7,1217693201.1
MXI ,0,1217693762.0,1217693767.0
MXI ,0,1217694009.4,1217694015.5
MXI ,0,1217694850.8,1217694861.1
MXI ,0,1217695019.5,1217695026.1
MXI ,0,1217696773.4,1217696783.2
MXI ,0,1217698206.5,1217698216.1
MXI ,0,1217699547.1,1217699556.5
MXI ,0,1217700407.1,1217700414.5
MXI ,0,1217701630.0,1217701638.4
MXI ,0,1217703527.2,1217703532.4
MXI ,0,1217704513.0,1217704520.7
MXI ,0,1217706675.0,1217706684.9
MXI ,0,1217707440.6,1217707443.8
MXI ,0,1217710639.8,1217710643.2
MXI ,0,1217713073.5,1217713076.8
MXI ,0,1217713723.2,1217713726.0
MXI ,0,1217715330.1,1217715341.3
MXI ,0,1217717336.0,1217717341.0
MXI ,0,1217719125.9,1217719130.0
MXI ,0,1217719792.6,1217719799.3
MXI ,0,1217720851.7,1217720857.7
MXI ,0,1217724276.5,1217724282.2
MXI ,0,1217724628.6,1217724635.9
MXI ,0,1217727107.1,1217727116.7
MXI ,0,1217729622.4,1217729628.6
MXI ,0,1217730032.3,1217730041.9
MXI ,0,1217735994.4,1217735999.0
MXI ,0,1217737874.3,1217737877.6
MXI ,0,1217743231.2,1217743244.1
MXI ,0,1217744005.0,1217744009.3
MXI ,0,1217745335.7,1217745345.2
MXI ,0,1217745945.8,1217745958.9
MXI ,0,1217746920.8,1217746925.2
MXI ,0,1217752997.1,1217753003.2
MXI ,0,1217753983.0,1217753989.3
MXI ,0,1217755248.0,1217755253.4
MXI ,0,1217755620.3,1217755630.6
MXI ,0,1217755876.4,1217755880.6
MXI ,0,1217756390.7,1217756399.1
MXI ,0,1217757085.2,1217757093.3
MXI ,0,1217757885.9,1217757892.6
MXI ,0,1217758365.0,1217758371.9
MXI ,0,1217758723.2,1217758730.1
MXI ,0,1217760770.3,1217760779.9
MXI ,0,1217760871.8,1217760878.4
MXI ,0,1217761891.9,1217761899.3
MXI ,0,1217762751.7,1217762755.5
MXI ,0,1217763431.2,1217763438.4
MXI ,0,1217764827.2,1217764831.1
MXI ,0,1217766563.4,1217766568.7
MXI ,0,1217767273.9,1217767280.4
MXI ,0,1217768572.3,1217768578.0
MXI ,0,1217771467.1,1217771471.4
MXI ,0,1217772286.3,1217772292.8
MXI ,0,1217773146.9,1217773152.4
MXI ,0,1217774977.1,1217774982.2
MXI ,0,1217775786.1,1217775791.2
MXI ,0,1217776488.6,1217776494.8
MXI ,0,1217776918.7,1217776924.2
MXI ,0,1217778339.4,1217778347.9
MXI ,0,1217778787.6,1217778797.4
MXI ,0,1217779289.6,1217779295.0
MXI ,0,1217779620.6,1217779624.5
MXI ,0,1217779866.5,1217779871.2
MXI ,0,1217779948.9,1217779958.9
MXI ,0,1217780828.5,1217780834.7
MXI ,0,1217782044.6,1217782048.7
MXI ,0,1217782634.2,1217782641.0
MXI ,0,1217783460.0,1217783466.8
MXI ,0,1217785147.9,1217785155.2
MXI ,0,1217785944.7,1217785948.6
MXI ,0,1217786238.7,1217786243.3
MXI ,0,1217786859.8,1217786867.0
MXI ,0,1217787666.3,1217787672.3
MXI ,0,1217787896.2,1217787900.5
MXI ,0,1217790213.8,1217790219.5
MXI ,0,1217791088.5,1217791094.5
MXI ,0,1217791537.2,1217791546.1
MXI ,0,1217792339.6,1217792343.9
MXI ,0,1217792893.1,1217792903.6
MXI ,0,1217793463.1,1217793469.8
MXI ,0,1217793782.4,1217793789.2
MXI ,0,1217796021.1,1217796024.1
MXI ,0,1217797981.2,1217797987.0
MXI ,0,1217798505.6,1217798512.4
MXI ,0,1217799409.2,1217799412.3
MXI ,0,1217799820.7,1217799825.0
MXI ,0,1217803292.9,1217803302.7
MXI ,0,1217804280.1,1217804298.4
MXI ,0,1217804734.9,1217804739.4
MXI ,0,1217809175.8,1217809186.0
MXI ,0,1217809276.1,1217809281.5
MXI ,0,1217811341.0,1217811346.8
MXI ,0,1217811457.8,1217811463.0
MXI ,0,1217812498.5,1217812504.1
MXI ,0,1217812993.4,1217812999.9
MXI ,0,1217813018.7,1217813026.0
MXI ,0,1217813955.8,1217813959.9
MXI ,0,1217814711.1,1217814714.9
MXI ,0,1217814904.9,1217814915.4
MXI ,0,1217815367.2,1217815370.4
MXI ,0,1217816785.1,1217816791.2
MXI ,0,1217820282.2,1217820289.2
MXI ,0,1217822734.4,1217822744.2
MXI ,0,1217823552.0,1217823557.0
MXI ,0,1217824027.7,1217824031.9
MXI ,0,1217825708.8,1217825718.9
MXI ,0,1217826685.6,1217826696.0
MXI ,0,1217827370.3,1217827374.1
MXI ,0,1217827409.9,1217827413.7
MXI ,0,1217829530.3,1217829535.4
MXI ,0,1217832295.7,1217832297.9
MXI ,0,1217834157.1,1217834167.0
MXI ,0,1217834369.9,1217834375.9
MXI ,0,1217835127.1,1217835138.9
MXI ,0,1217835861.8,1217835865.2
MXI ,0,1217839028.8,1217839031.6
MXI ,0,1217839401.8,1217839405.8
MXI ,0,1217841514.2,1217841522.0
MXI ,0,1217841558.9,1217841566.4
MXI ,0,1217841839.3,1217841846.8
MXI ,0,1217842128.1,1217842136.1
MXI ,0,1217842496.4,1217842503.9
MXI ,0,1217842810.0,1217842817.7
MXI ,0,1217843964.3,1217843971.0
MXI ,0,1217844127.3,1217844134.0
MXI ,0,1217847232.9,1217847238.2
MXI ,0,1217856090.8,1217856095.5
MXI ,0,1217856661.6,1217856666.9
MXI ,0,1217858231.1,1217858236.1
MXI ,0,1217858529.8,1217858536.7
MXI ,0,1217859295.5,1217859305.5
MXI ,0,1217862856.4,1217862862.1
MXI ,0,1217863150.1,1217863156.4
MXI ,0,1217863651.5,1217863661.2
MXI ,0,1217865735.3,1217865741.0
MXI ,0,1217867288.4,1217867294.1
MXI ,0,1217867681.5,1217867687.0
MXI ,0,1217869345.9,1217869352.2
MXI ,0,1217869597.1,1217869601.6
MXI ,0,1217870032.5,1217870041.4
MXI ,0,1217871360.7,1217871366.5
MXI ,0,1217873755.8,1217873760.8
MXI ,0,1217874966.9,1217874974.2
MXI ,0,1217877477.2,1217877481.0
MXI ,0,1217878119.8,1217878131.0
MXI ,0,1217878358.2,1217878366.4
MXI ,0,1217879258.5,1217879262.6
MXI ,0,1217879780.6,1217879787.3
MXI ,0,1217880238.2,1217880246.6
MXI ,0,1217881510.7,1217881521.1
MXI ,0,1217881695.7,1217881702.1
MXI ,0,1217882414.8,1217882420.3
MXI ,0,1217885946.7,1217885954.7
MXI ,0,1217886373.4,1217886383.8
MXI ,0,1217886533.5,1217886543.0
MXI ,0,1217886795.1,1217886799.2
MXI ,0,1217889923.6,1217889928.3
MXI ,0,1217890387.7,1217890395.3
MXI ,0,1217892445.2,1217892450.9
MXI ,0,1217893969.2,1217893977.3
MXI ,0,1217894863.4,1217894867.4
MXI ,0,1217895421.9,1217895426.4
MXI ,0,1217896038.3,1217896042.3
MXI ,0,1217896273.3,1217896282.6
MXI ,0,1217897204.2,1217897209.4
MXI ,0,1217897585.4,1217897588.9
MXI ,0,1217899879.4,1217899882.8
MXI ,0,1217902008.8,1217902012.9
MXI ,0,1217902882.8,1217902886.4
MXI ,0,1217903879.1,1217903884.7
MXI ,0,1217904071.2,1217904079.1
MXI ,0,1217904587.0,1217904590.9
MXI ,0,1217905631.4,1217905636.8
MXI ,0,1217905890.9,1217905895.7
MXI ,0,1217907111.5,1217907120.9
MXI ,0,1217909709.9,1217909719.8
MXI ,0,1217910821.2,1217910824.9
MXI ,0,1217911437.1,1217911443.5
MXI ,0,1217914633.5,1217914641.4
MXI ,0,1217914844.8,1217914850.6
MXI ,0,1217915274.3,1217915281.1
MXI ,0,1217918558.0,1217918562.8
MXI ,0,1217919512.7,1217919523.3
MXI ,0,1217920348.6,1217920354.8
MXI ,0,1217921432.0,1217921438.3
MXI ,0,1217925609.4,1217925615.1
MXI ,0,1217928670.6,1217928678.8
MXI ,0,1217929787.6,1217929809.8
MXI ,0,1217932008.2,1217932023.7
MXI ,0,1217932397.1,1217932401.3
MXI ,0,1217934726.3,1217934731.7
MXI ,0,1217936101.5,1217936105.3
MXI ,0,1217937163.0,1217937168.5
MXI ,0,1217937293.8,1217937298.4
MXI ,0,1217939050.5,1217939056.1
MXI ,0,1217940261.7,1217940268.3
MXI ,0,1217942608.2,1217942616.0
MXI ,0,1217942823.5,1217942829.8
MXI ,0,1217943326.8,1217943333.0
MXI ,0,1217943781.1,1217943787.4
MXI ,0,1217945611.1,1217945617.4
MXI ,0,1217946481.3,1217946484.7
MXI ,0,1217946656.9,1217946662.0
MXI ,0,1217947042.9,1217947052.8
MXI ,0,1217947693.5,1217947702.9
MXI ,0,1217948217.1,1217948223.0
MXI ,0,1217949070.7,1217949075.0
MXI ,0,1217949175.2,1217949182.6
MXI ,0,1217949933.7,1217949943.7
MXI ,0,1217950482.4,1217950492.2
MXI ,0,1217951809.4,1217951818.3
MXI ,0,1217952437.2,1217952441.7
MXI ,0,1217952777.9,1217952782.8
MXI ,0,1217954468.5,1217954475.4
MXI ,0,1217957622.9,1217957629.5
MXI ,0,1217959713.6,1217959722.5
MXI ,0,1217960834.7,1217960838.9
MXI ,0,1217963098.4,1217963105.3
MXI ,0,1217964085.3,1217964099.4
MXI ,0,1217968149.5,1217968154.2
MXI ,0,1217968492.7,1217968502.2
MXI ,0,1217969553.3,1217969555.9
MXI ,0,1217970436.5,1217970440.9
MXI ,0,1217970604.4,1217970607.9
MXI ,0,1217971133.3,1217971140.0
MXI ,0,1217971389.0,1217971392.5
MXI ,0,1217972579.8,1217972581.6
MXI ,0,1217974815.5,1217974821.9
MXI ,0,1217975129.6,1217975139.9
MXI ,0,1217976562.3,1217976567.7
MXI ,0,1217978843.2,1217978847.9
MXI ,0,1217980538.2,1217980560.3
MXI ,0,1217981461.5,1217981467.1
MXI ,0,1217983347.0,1217983355.4
MXI ,0,1217985896.4,1217985903.5
MXI ,0,1217988470.2,1217988475.4
MXI ,0,1217989141.9,1217989144.9
MXI ,0,1217989359.5,1217989365.8
MXI ,0,1217995259.3,1217995264.2
MXI ,0,1217995771.7,1217995775.8
MXI ,0,1217998058.4,1217998080.7
MXI ,0,1217999709.3,1217999724.5
MXI ,0,1218001751.1,1218001761.2
MXI ,0,1218003665.9,1218003669.8
MXI ,0,1218005639.1,1218005646.3
MXI ,0,1218010030.0,1218010036.0
MXI ,0,1218011185.7,1218011192.6
MXI ,0,1218014755.0,1218014758.2
MXI ,0,1218015142.8,1218015149.8
MXI ,0,1218015952.3,1218015963.9
MXI ,0,1218016694.1,1218016698.1
MXI ,0,1218017562.4,1218017569.8
MXI ,0,1218018988.5,1218018996.4
MXI ,0,1218021242.4,1218021250.2
MXI ,0,1218022509.8,1218022514.4
MXI ,0,1218022773.2,1218022783.1
MXI ,0,1218023434.3,1218023442.8
MXI ,0,1218025853.7,1218025865.6
MXI ,0,1218028324.5,1218028328.5
MXI ,0,1218029582.3,1218029588.6
MXI ,0,1218030599.9,1218030603.9
MXI ,0,1218033025.2,1218033030.1
MXI ,0,1218033367.4,1218033370.6
MXI ,0,1218034230.4,1218034235.2
MXI ,0,1218034916.0,1218034919.5
MXI ,0,1218035126.8,1218035135.0
MXI ,0,1218035367.5,1218035376.1
MXI ,0,1218036521.5,1218036526.4
MXI ,0,1218037640.3,1218037646.4
MXI ,0,1218041876.6,1218041880.0
MXI ,0,1218042879.4,1218042884.3
MXI ,0,1218043310.5,1218043315.0
MXI ,0,1218043721.9,1218043726.6
MXI ,0,1218046835.0,1218046841.7
MXI ,0,1218047436.1,1218047443.2
MXI ,0,1218049586.4,1218049589.5
MXI ,0,1218049699.3,1218049705.1
MXI ,0,1218052461.7,1218052466.6
MXI ,0,1218052869.0,1218052878.4
MXI ,0,1218053060.3,1218053070.9
MXI ,0,1218053455.0,1218053465.8
MXI ,0,1218053796.1,1218053800.7
MXI ,0,1218054091.7,1218054098.5
MXI ,0,1218056218.0,1218056223.4
MXI ,0,1218057981.7,1218057986.3
MXI ,0,1218060907.5,1218060919.4
MXI ,0,1218061130.4,1218061136.1
MXI ,0,1218061334.2,1218061340.6
MXI ,0,1218072163.3,1218072166.7
MXI ,0,1218072655.8,1218072666.6
MXI ,0,1218073466.3,1218073469.1
MXI ,0,1218074212.1,1218074215.9
MXI ,0,1218075015.3,1218075021.3
MXI ,0,1218075983.6,1218075988.1
MXI ,0,1218076669.4,1218076674.2
MXI ,0,1218076826.3,1218076832.5
MXI ,0,1218077578.5,1218077582.3
MXI ,0,1218078170.4,1218078174.2
MXI ,0,1218078788.6,1218078791.7
MXI ,0,1218081385.1,1218081389.6
MXI ,0,1218081698.2,1218081702.2
MXI ,0,1218083587.9,1218083590.7
MXI ,0,1218086155.7,1218086162.2
MXI ,0,1218087256.2,1218087267.1
MXI ,0,1218087877.9,1218087883.6
MXI ,0,1218088546.5,1218088552.6
MXI ,0,1218088630.9,1218088635.7
MXI ,0,1218088884.0,1218088890.4
MXI ,0,1218089135.0,1218089138.2
MXI ,0,1218091457.4,1218091462.0
MXI ,0,1218094016.8,1218094021.2
MXI ,0,1218095665.2,1218095673.8
MXI ,0,1218096949.0,1218096958.7
MXI ,0,1218098085.8,1218098094.0
MXI ,0,1218100017.0,1218100020.4
MXI ,0,1218100926.4,1218100930.3
MXI ,0,1218106370.3,1218106377.2
MXI ,0,1218106796.0,1218106800.6
MXI ,0,1218109019.6,1218109024.6
MXI ,0,1218109359.6,1218109366.4
MXI ,0,1218113109.5,1218113117.0
MXI ,0,1218113908.5,1218113913.0
MXI ,0,1218114920.6,1218114924.0
MXI ,0,1218115358.1,1218115361.8
MXI ,0,1218116264.1,1218116267.4
MXI ,0,1218116336.3,1218116346.6
MXI ,0,1218120261.6,1218120271.4
MXI ,0,1218121592.3,1218121597.3
MXI ,0,1218123331.0,1218123334.9
MXI ,0,1218123801.0,1218123807.1
MXI ,0,1218124061.6,1218124071.0
MXI ,0,1218124151.6,1218124158.8
MXI ,0,1218124311.3,1218124329.2
MXI ,0,1218124531.8,1218124535.8
MXI ,0,1218126496.7,1218126500.0
MXI ,0,1218126792.2,1218126796.6
MXI ,0,1218127580.1,1218127587.6
MXI ,0,1218129476.5,1218129481.1
MXI ,0,1218132589.2,1218132595.9
MXI ,0,1218133210.6,1218133215.7
MXI ,0,1218134061.4,1218134066.2
MXI ,0,1218134529.3,1218134533.4
MXI ,0,1218135696.4,1218135701.2
MXI ,0,1218136223.0,1218136229.1
MXI ,0,1218137430.7,1218137436.8
MXI ,0,1218138103.5,1218138114.0
MXI ,0,1218138450.5,1218138456.2
MXI ,0,1218138743.1,1218138748.6
MXI ,0,1218148462.7,1218148466.6
MXI ,0,1218150134.3,1218150139.7
MXI ,0,1218151326.4,1218151331.9
MXI ,0,1218152300.8,1218152304.9
MXI ,0,1218153820.0,1218153825.5
MXI ,0,1218154892.4,1218154895.8
MXI ,0,1218155113.2,1218155120.0
MXI ,0,1218155860.3,1218155866.7
MXI ,0,1218157149.3,1218157155.6
MXI ,0,1218157740.9,1218157745.4
MXI ,0,1218162966.0,1218162972.9
MXI ,0,1218164232.8,1218164238.5
MXI ,0,1218165129.5,1218165132.5
MXI ,0,1218168004.9,1218168017.3
MXI ,0,1218170604.8,1218170610.8
MXI ,0,1218171453.6,1218171458.0
MXI ,0,1218172715.8,1218172722.0
MXI ,0,1218174795.0,1218174800.5
MXI ,0,1218176710.1,1218176713.8
MXI ,0,1218181948.9,1218181955.2
MXI ,0,1218186203.2,1218186207.6
MXI ,0,1218186336.1,1218186339.9
MXI ,0,1218187457.6,1218187460.7
MXI ,0,1218189847.5,1218189850.8
MXI ,0,1218190029.6,1218190033.2
MXI ,0,1218192298.3,1218192305.5
MXI ,0,1218192976.7,1218192983.3
MXI ,0,1218193479.0,1218193482.2
MXI ,0,1218193829.2,1218193833.7
MXI ,0,1218196919.0,1218196924.2
MXI ,0,1218197207.0,1218197215.7
MXI ,0,1218198172.1,1218198176.5
MXI ,0,1218200812.0,1218200817.5
MXI ,0,1218200919.6,1218200935.5
MXI ,0,1218201143.8,1218201147.3
MXI ,0,1218201665.0,1218201671.3
MXI ,0,1218202498.3,1218202501.4
MXI ,0,1218203233.8,1218203237.3
MXI ,0,1218203484.4,1218203503.4
MXI ,0,1218205073.4,1218205085.6
MXI ,0,1218205390.1,1218205393.3
MXI ,0,1218205884.8,1218205888.7
MXI ,0,1218206189.6,1218206195.3
MXI ,0,1218206400.5,1218206406.3
MXI ,0,1218206489.2,1218206492.5
MXI ,0,1218206917.1,1218206924.0
MXI ,0,1218207752.4,1218207756.0
MXI ,0,1218208843.7,1218208851.1
MXI ,0,1218209253.0,1218209256.5
MXI ,0,1218212624.5,1218212634.3
MXI ,0,1218212911.9,1218212917.6
MXI ,0,1218214128.5,1218214144.8
MXI ,0,1218214393.0,1218214404.9
MXI ,0,1218215199.2,1218215207.0
MXI ,0,1218217129.2,1218217149.2
MXI ,0,1218219340.4,1218219343.7
MXI ,0,1218221820.9,1218221827.0
MXI ,0,1218221997.5,1218222001.0
MXI ,0,1218222185.0,1218222191.2
MXI ,0,1218222443.4,1218222446.8
MXI ,0,1218223610.0,1218223614.4
MXI ,0,1218223957.8,1218223968.2
MXI ,0,1218224869.4,1218224873.3
MXI ,0,1218225288.6,1218225299.4
MXI ,0,1218225670.2,1218225674.9
MXI ,0,1218226766.1,1218226770.5
MXI ,0,1218227190.0,1218227200.7
MXI ,0,1218227408.0,1218227413.1
MXI ,0,1218228924.8,1218228930.8
MXI ,0,1218230320.7,1218230325.7
MXI ,0,1218231344.2,1218231349.0
MXI ,0,1218232148.0,1218232154.5
MXI ,0,1218232813.7,1218232820.5
MXI ,0,1218233062.7,1218233070.1
MXI ,0,1218233335.6,1218233339.1
MXI ,0,1218233685.2,1218233688.2
MXI ,0,1218233957.5,1218233961.8
MXI ,0,1218234311.6,1218234316.8
MXI ,0,1218237735.5,1218237741.0
MXI ,0,1218238378.5,1218238382.7
MXI ,0,1218240192.8,1218240198.2
MXI ,0,1218241098.3,1218241100.7
MXI ,0,1218241793.2,1218241801.9
MXI ,0,1218245323.3,1218245327.7
MXI ,0,1218245806.3,1218245809.2
MXI ,0,1218246425.7,1218246429.5
MXI ,0,1218247757.7,1218247760.7
MXI ,0,1218248113.7,1218248119.8
MXI ,0,1218248567.1,1218248570.8
MXI ,0,1218249051.4,1218249057.5
MXI ,0,1218249880.9,1218249887.6
MXI ,0,1218250447.8,1218250457.6
MXI ,0,1218250684.6,1218250689.0
MXI ,0,1218252305.4,1218252312.1
MXI ,0,1218252630.6,1218252635.6
MXI ,0,1218252791.1,1218252795.1
MXI ,0,1218252989.3,1218252994.1
MXI ,0,1218256545.7,1218256553.4
MXI ,0,1218257636.0,1218257640.0
MXI ,0,1218259528.4,1218259534.7
MXI ,0,1218260010.8,1218260017.0
MXI ,0,1218261416.5,1218261431.8
MXI ,0,1218261600.0,1218261607.0
MXI ,0,1218263314.2,1218263318.3
MXI ,0,1218271045.2,1218271050.4
MXI ,0,1218274506.5,1218274512.1
MXI ,0,1218277371.6,1218277374.7
MXI ,0,1218280358.7,1218280363.6
MXI ,0,1218281814.5,1218281818.9
MXI ,0,1218282914.0,1218282916.8
MXI ,0,1218283841.8,1218283846.9
MXI ,0,1218286070.4,1218286077.0
MXI ,0,1218286614.3,1218286620.2
MXI ,0,1218286837.7,1218286843.1
MXI ,0,1218287931.8,1218287938.7
MXI ,0,1218289011.6,1218289017.9
MXI ,0,1218290180.1,1218290186.6
MXI ,0,1218291291.3,1218291307.8
MXI ,0,1218291822.6,1218291827.4
MXI ,0,1218292262.2,1218292264.9
MXI ,0,1218293200.6,1218293204.8
MXI ,0,1218294844.2,1218294847.3
MXI ,0,1218296224.0,1218296231.1
MXI ,0,1218297318.5,1218297321.6
MXI ,0,1218300098.1,1218300107.9
MXI ,0,1218301231.9,1218301238.9
MXI ,0,1218303625.9,1218303633.2
MXI ,0,1218303904.5,1218303914.9
MXI ,0,1218305272.0,1218305276.8
MXI ,0,1218305425.2,1218305431.2
MXI ,0,1218306538.0,1218306541.2
MXI ,0,1218306773.6,1218306779.5
MXI ,0,1218306874.3,1218306879.1
MXI ,0,1218307143.6,1218307157.8
MXI ,0,1218309279.3,1218309287.0
MXI ,0,1218309393.8,1218309410.2
MXI ,0,1218313669.1,1218313673.6
MXI ,0,1218314453.6,1218314457.0
MXI ,0,1218315510.9,1218315516.0
MXI ,0,1218316219.1,1218316222.5
MXI ,0,1218316804.9,1218316810.3
MXI ,0,1218318443.6,1218318447.9
MXI ,0,1218318939.3,1218318942.9
MXI ,0,1218319212.3,1218319218.1
MXI ,0,1218319282.8,1218319288.8
MXI ,0,1218319808.5,1218319812.7
MXI ,0,1218321650.7,1218321657.1
MXI ,0,1218322688.1,1218322693.2
MXI ,0,1218322859.3,1218322862.2
MXI ,0,1218324867.4,1218324873.6
MXI ,0,1218327026.6,1218327030.7
MXI ,0,1218327962.4,1218327969.8
MXI ,0,1218328678.8,1218328683.7
MXI ,0,1218331617.7,1218331632.8
MXI ,0,1218332225.0,1218332230.5
MXI ,0,1218333364.3,1218333371.1
MXI ,0,1218335472.0,1218335478.4
MXI ,0,1218338171.1,1218338180.0
MXI ,0,1218340407.2,1218340415.0
MXI ,0,1218342944.7,1218342959.4
MXI ,0,1218343112.8,1218343129.4
MXI ,0,1218344149.7,1218344156.8
MXI ,0,1218344784.6,1218344788.3
MXI ,0,1218345521.6,1218345526.4
MXI ,0,1218347993.8,1218347997.3
MXI ,0,1218349126.3,1218349133.4
MXI ,0,1218350115.4,1218350121.1
MXI ,0,1218350671.1,1218350675.9
MXI ,0,1218351620.6,1218351626.1
MXI ,0,1218352389.7,1218352399.5
MXI ,0,1218352758.0,1218352762.4
MXI ,0,1218353235.5,1218353241.6
MXI ,0,1218354620.3,1218354625.5
MXI ,0,1218355152.1,1218355156.8
MXI ,0,1218357246.9,1218357251.4
MXI ,0,1218357964.0,1218357970.8
MXI ,0,1218359261.7,1218359265.0
MXI ,0,1218359506.9,1218359512.4
MXI ,0,1218359887.6,1218359893.8
MXI ,0,1218363673.2,1218363677.5
MXI ,0,1218364371.0,1218364376.9
MXI ,0,1218367485.3,1218367489.0
MXI ,0,1218367845.6,1218367853.3
MXI ,0,1218369897.0,1218369900.7
MXI ,0,1218372238.2,1218372242.4
MXI ,0,1218373935.9,1218373938.2
MXI ,0,1218375814.0,1218375819.0
MXI ,0,1218377546.0,1218377550.8
MXI ,0,1218377682.4,1218377687.0
MXI ,0,1218378765.2,1218378769.7
MXI ,0,1218381417.0,1218381423.6
MXI ,0,1218382205.3,1218382218.9
MXI ,0,1218382702.0,1218382708.9
MXI ,0,1218383674.5,1218383681.3
MXI ,0,1218383934.0,1218383942.0
MXI ,0,1218384135.0,1218384138.7
MXI ,0,1218384872.8,1218384876.5
MXI ,0,1218385310.4,1218385317.2
MXI ,0,1218386455.8,1218386462.6
MXI ,0,1218388077.8,1218388092.0
MXI ,0,1218388211.2,1218388227.5
MXI ,0,1218388778.6,1218388794.1
MXI ,0,1218389182.0,1218389188.4
MXI ,0,1218389628.7,1218389634.8
MXI ,0,1218390596.4,1218390604.9
MXI ,0,1218391758.3,1218391768.7
MXI ,0,1218392434.1,1218392447.7
MXI ,0,1218392521.5,1218392528.8
MXI ,0,1218393537.3,1218393543.8
MXI ,0,1218394367.0,1218394370.5
MXI ,0,1218395014.9,1218395018.0
MXI ,0,1218395629.7,1218395636.7
MXI ,0,1218396631.3,1218396636.6
MXI ,0,1218397175.5,1218397181.1
MXI ,0,1218397904.3,1218397910.2
MXI ,0,1218398394.3,1218398401.0
MXI ,0,1218399373.8,1218399381.1
MXI ,0,1218400671.8,1218400674.9
MXI ,0,1218400827.5,1218400835.4
MXI ,0,1218402608.1,1218402613.8
MXI ,0,1218403271.9,1218403276.0
MXI ,0,1218405438.7,1218405445.5
MXI ,0,1218405554.4,1218405561.0
MXI ,0,1218406924.4,1218406929.0
MXI ,0,1218408235.4,1218408242.0
MXI ,0,1218409467.4,1218409473.7
MXI ,0,1218410796.0,1218410799.0
MXI ,0,1218412598.2,1218412604.6
MXI ,0,1218413333.7,1218413340.7
MXI ,0,1218414883.6,1218414886.7
MXI ,0,1218415759.2,1218415765.7
MXI ,0,1218416433.6,1218416449.0
MXI ,0,1218417053.1,1218417066.2
MXI ,0,1218417846.4,1218417849.6
MXI ,0,1218418537.7,1218418541.0
MXI ,0,1218419460.8,1218419465.6
MXI ,0,1218419829.5,1218419835.7
MXI ,0,1218421021.4,1218421024.6
MXI ,0,1218421328.1,1218421332.7
MXI ,0,1218422519.1,1218422524.2
MXI ,0,1218424584.2,1218424587.2
MXI ,0,1218426059.3,1218426065.9
MXI ,0,1218427360.1,1218427363.5
MXI ,0,1218428402.2,1218428406.2
MXI ,0,1218428477.2,1218428480.9
MXI ,0,1218429081.6,1218429088.4
MXI ,0,1218429689.8,1218429693.0
MXI ,0,1218429898.9,1218429901.9
MXI ,0,1218431400.4,1218431406.3
MXI ,0,1218432143.0,1218432152.9
MXI ,0,1218432808.3,1218432815.1
MXI ,0,1218433827.6,1218433836.6
MXI ,0,1218435018.4,1218435022.1
MXI ,0,1218435916.5,1218435924.7
MXI ,0,1218437773.0,1218437778.2
MXI ,0,1218438614.9,1218438620.2
MXI ,0,1218440718.1,1218440722.4
MXI ,0,1218441054.6,1218441058.4
MXI ,0,1218442921.2,1218442930.1
MXI ,0,1218443709.3,1218443715.8
MXI ,0,1218449014.1,1218449019.8
MXI ,0,1218449053.0,1218449058.9
MXI ,0,1218450284.2,1218450289.8
MXI ,0,1218450517.6,1218450521.1
MXI ,0,1218451920.3,1218451925.0
MXI ,0,1218452542.9,1218452549.2
MXI ,0,1218454051.8,1218454056.5
MXI ,0,1218454125.7,1218454131.1
MXI ,0,1218454339.1,1218454352.4
MXI ,0,1218454481.2,1218454487.5
MXI ,0,1218455397.1,1218455399.9
MXI ,0,1218456399.1,1218456402.8
MXI ,0,1218457634.4,1218457639.1
MXI ,0,1218458261.3,1218458264.3
MXI ,0,1218459528.4,1218459534.3
MXI ,0,1218460202.8,1218460209.9
MXI ,0,1218461823.2,1218461828.9
MXI ,0,1218461937.3,1218461942.8
MXI ,0,1218462345.8,1218462352.2
MXI ,0,1218462384.1,1218462392.9
MXI ,0,1218463269.4,1218463275.5
MXI ,0,1218463869.5,1218463874.7
MXI ,0,1218463975.6,1218463985.5
MXI ,0,1218464469.7,1218464475.6
MXI ,0,1218466003.5,1218466010.1
MXI ,0,1218467463.0,1218467469.1
MXI ,0,1218468592.1,1218468598.7
MXI ,0,1218470165.9,1218470170.8
MXI ,0,1218470892.1,1218470895.9
MXI ,0,1218471548.3,1218471554.4
MXI ,0,1218472684.7,1218472689.2
MXI ,0,1218472770.6,1218472775.1
MXI ,0,1218473510.0,1218473512.8
MXI ,0,1218474606.2,1218474611.6
MXI ,0,1218477507.3,1218477523.5
MXI ,0,1218478876.7,1218478883.3
MXI ,0,1218479370.6,1218479380.1
MXI ,0,1218483522.4,1218483527.4
MXI ,0,1218484090.7,1218484097.3
MXI ,0,1218485482.8,1218485489.1
MXI ,0,1218486430.9,1218486437.4
MXI ,0,1218488811.3,1218488816.7
MXI ,0,1218488908.5,1218488915.2
MXI ,0,1218489098.8,1218489103.8
MXI ,0,1218489274.9,1218489281.5
MXI ,0,1218489767.7,1218489771.8
MXI ,0,1218490781.3,1218490788.8
MXI ,0,1218491784.1,1218491790.7
MXI ,0,1218492844.4,1218492850.3
MXI ,0,1218494820.6,1218494825.0
MXI ,0,1218494989.3,1218495004.2
MXI ,0,1218496288.5,1218496294.3
MXI ,0,1218497587.0,1218497593.8
MXI ,0,1218498272.7,1218498276.1
MXI ,0,1218498853.2,1218498858.2
MXI ,0,1218500741.0,1218500751.0
MXI ,0,1218501630.3,1218501633.5
MXI ,0,1218501849.8,1218501854.2
MXI ,0,1218502254.2,1218502259.0
MXI ,0,1218505047.0,1218505050.3
MXI ,0,1218506543.7,1218506549.6
MXI ,0,1218512253.5,1218512259.5
MXI ,0,1218512470.8,1218512475.6
MXI ,0,1218513748.8,1218513752.0
MXI ,0,1218514724.6,1218514730.5
MXI ,0,1218515024.1,1218515030.4
MXI ,0,1218515850.9,1218515858.1
MXI ,0,1218516998.0,1218517002.6
MXI ,0,1218517358.5,1218517365.2
MXI ,0,1218518898.8,1218518904.4
MXI ,0,1218521078.2,1218521085.4
MXI ,0,1218521599.6,1218521603.2
MXI ,0,1218522075.1,1218522082.2
MXI ,0,1218523539.6,1218523543.0
MXI ,0,1218527118.2,1218527124.1
MXI ,0,1218527348.8,1218527352.0
MXI ,0,1218527617.1,1218527628.9
MXI ,0,1218529005.5,1218529010.9
MXI ,0,1218529138.7,1218529144.8
MXI ,0,1218530042.4,1218530045.9
MXI ,0,1218530777.8,1218530780.8
MXI ,0,1218532492.5,1218532498.4
MXI ,0,1218534899.0,1218534903.3
MXI ,0,1218535720.6,1218535724.1
MXI ,0,1218536506.0,1218536510.5
MXI ,0,1218537103.5,1218537106.8
MXI ,0,1218541003.2,1218541006.7
MXI ,0,1218542439.7,1218542443.9
MXI ,0,1218543943.4,1218543947.2
MXI ,0,1218544008.6,1218544013.6
MXI ,0,1218544611.5,1218544615.8
MXI ,0,1218545925.4,1218545931.9
MXI ,0,1218548841.7,1218548856.1
MXI ,0,1218549373.3,1218549382.6
MXI ,0,1218549523.2,1218549534.3
MXI ,0,1218549680.5,1218549683.8
MXI ,0,1218550033.7,1218550037.2
MXI ,0,1218550137.5,1218550145.6
MXI ,0,1218550415.8,1218550419.0
MXI ,0,1218550981.6,1218550988.4
MXI ,0,1218551212.8,1218551215.8
MXI ,0,1218551502.2,1218551507.8
MXI ,0,1218551717.3,1218551728.4
MXI ,0,1218552295.7,1218552299.4
MXI ,0,1218552775.4,1218552780.3
MXI ,0,1218553279.2,1218553288.8
MXI ,0,1218557634.6,1218557640.7
MXI ,0,1218558175.7,1218558182.3
MXI ,0,1218558460.4,1218558468.6
MXI ,0,1218558916.8,1218558922.8
MXI ,0,1218560614.0,1218560617.5
MXI ,0,1218561694.4,1218561700.7
MXI ,0,1218562200.9,1218562207.3
MXI ,0,1218562796.1,1218562801.8
MXI ,0,1218562931.1,1218562937.2
MXI ,0,1218563180.5,1218563183.6
MXI ,0,1218564348.0,1218564351.8
MXI ,0,1218564882.7,1218564889.7
MXI ,0,1218565080.1,1218565083.6
MXI ,0,1218565407.6,1218565417.3
MXI ,0,1218565711.8,1218565718.9
MXI ,0,1218566021.4,1218566027.7
MXI ,0,1218567087.1,1218567092.4
MXI ,0,1218568446.5,1218568453.2
MXI ,0,1218569551.8,1218569563.2
MXI ,0,1218569842.2,1218569848.4
MXI ,0,1218570187.1,1218570194.8
MXI ,0,1218570563.8,1218570571.5
MXI ,0,1218571693.0,1218571698.1
MXI ,0,1218572335.8,1218572341.0
MXI ,0,1218572784.2,1218572791.2
MXI ,0,1218573140.3,1218573147.4
MXI ,0,1218573682.5,1218573688.0
MXI ,0,1218575007.8,1218575012.5
MXI ,0,1218576526.5,1218576530.9
MXI ,0,1218576846.3,1218576851.2
MXI ,0,1218577660.9,1218577665.3
MXI ,0,1218578340.0,1218578346.6
MXI ,0,1218578577.5,1218578582.3
MXI ,0,1218578931.3,1218578936.2
MXI ,0,1218579627.7,1218579632.4
MXI ,0,1218580723.3,1218580727.8
MXI ,0,1218582794.7,1218582799.4
MXI ,0,1218583532.1,1218583537.3
MXI ,0,1218583873.7,1218583878.2
MXI ,0,1218584284.9,1218584292.3
MXI ,0,1218584493.0,1218584499.2
MXI ,0,1218585397.6,1218585403.2
MXI ,0,1218586080.1,1218586084.8
MXI ,0,1218586631.6,1218586636.1
MXI ,0,1218587318.8,1218587323.6
MXI ,0,1218587403.8,1218587408.5
MXI ,0,1218588464.2,1218588470.6
MXI ,0,1218588984.0,1218588988.7
MXI ,0,1218591325.6,1218591330.9
MXI ,0,1218591905.0,1218591911.4
MXI ,0,1218593026.0,1218593040.0
MXI ,0,1218595669.7,1218595674.4
MXI ,0,1218596464.1,1218596471.8
MXI ,0,1218598295.9,1218598303.3
MXI ,0,1218603020.0,1218603028.8
MXI ,0,1218604172.7,1218604175.9
MXI ,0,1218604357.4,1218604362.7
MXI ,0,1218605197.8,1218605201.9
MXI ,0,1218607527.6499999,1218607531.2
MXI ,0,1218607729.1,1218607732.2
MXI ,0,1218608374.8,1218608378.6
MXI ,0,1218611154.9,1218611167.7
MXI ,0,1218613449.7,1218613456.5
MXI ,0,1218613929.7,1218613936.4
MXI ,0,1218615163.8,1218615172.2
MXI ,0,1218616725.9,1218616730.5
MXI ,0,1218619451.3,1218619457.7
MXI ,0,1218626894.5,1218626904.2
MXI ,0,1218627689.5,1218627695.7
MXI ,0,1218628430.5,1218628434.7
MXI ,0,1218630137.3,1218630141.9
MXI ,0,1218631040.5,1218631045.1
MXI ,0,1218632674.5,1218632687.6
MXI ,0,1218633356.5,1218633361.5
MXI ,0,1218634862.0,1218634868.2
MXI ,0,1218635621.2,1218635625.4
MXI ,0,1218636616.3,1218636620.8
MXI ,0,1218637245.7,1218637249.2
MXI ,0,1218638281.5,1218638289.6
MXI ,0,1218639843.5,1218639853.1
MXI ,0,1218640508.0,1218640512.5
MXI ,0,1218641458.8,1218641469.2
MXI ,0,1218644131.9,1218644137.4
MXI ,0,1218645158.2,1218645165.6
MXI ,0,1218645491.3,1218645495.4
MXI ,0,1218647503.1,1218647506.2
MXI ,0,1218647961.5,1218647975.1
MXI ,0,1218648514.6,1218648518.4
MXI ,0,1218648719.4,1218648726.2
MXI ,0,1218649598.3,1218649603.3
MXI ,0,1218649839.5,1218649846.1
MXI ,0,1218649934.6,1218649944.1
MXI ,0,1218650269.3,1218650277.6
MXI ,0,1218651399.5,1218651406.0
MXI ,0,1218652054.0,1218652060.5
MXI ,0,1218652866.2,1218652871.4
MXI ,0,1218653529.4,1218653533.2
MXI ,0,1218655316.8,1218655321.3
MXI ,0,1218656556.6,1218656561.7
MXI ,0,1218657649.5,1218657652.3
MXI ,0,1218659426.7,1218659429.5
MXI ,0,1218663044.6,1218663051.8
MXI ,0,1218663931.6,1218663937.7
MXI ,0,1218664096.7,1218664104.2
MXI ,0,1218665119.5,1218665125.7
MXI ,0,1218666886.0,1218666890.8
MXI ,0,1218668652.8,1218668656.1
MXI ,0,1218669920.4,1218669923.4
MXI ,0,1218671750.8,1218671754.9
MXI ,0,1218672171.8,1218672177.1
MXI ,0,1218673524.1,1218673534.4
MXI ,0,1218674707.2,1218674710.5
MXI ,0,1218677877.6,1218677882.7
MXI ,0,1218678710.3,1218678719.6
MXI ,0,1218680908.9,1218680914.9
MXI ,0,1218680989.4,1218680995.3
MXI ,0,1218682507.4,1218682513.1
MXI ,0,1218684179.1,1218684184.1
MXI ,0,1218686157.2,1218686174.1
MXI ,0,1218686402.5,1218686411.5
MXI ,0,1218697434.0,1218697437.5
MXI ,0,1218698078.7,1218698085.3
MXI ,0,1218702253.3,1218702274.9
MXI ,0,1218703730.4,1218703735.5
MXI ,0,1218704122.5,1218704129.2
MXI ,0,1218705464.9,1218705468.0
MXI ,0,1218706892.2,1218706896.8
MXI ,0,1218707229.6,1218707232.9
MXI ,0,1218707889.8,1218707893.3
MXI ,0,1218708172.9,1218708179.3
MXI ,0,1218709352.1,1218709358.1
MXI ,0,1218710229.7,1218710244.6
MXI ,0,1218710390.8,1218710404.8
MXI ,0,1218710504.8,1218710511.8
MXI ,0,1218715190.3,1218715197.3
MXI ,0,1218716679.5,1218716685.5
MXI ,0,1218717046.9,1218717060.5
MXI ,0,1218717561.3,1218717568.0
MXI ,0,1218717751.8,1218717758.1
MXI ,0,1218718130.1,1218718135.6
MXI ,0,1218719311.6,1218719317.5
MXI ,0,1218721857.9,1218721866.2
MXI ,0,1218722295.0,1218722306.2
MXI ,0,1218723092.8,1218723097.7
MXI ,0,1218724551.5,1218724558.5
MXI ,0,1218724985.5,1218724995.7
MXI ,0,1218725670.7,1218725677.1
MXI ,0,1218725871.8,1218725878.9
MXI ,0,1218726839.9,1218726846.5
MXI ,0,1218729883.6,1218729887.1
MXI ,0,1218730572.5,1218730576.1
MXI ,0,1218733613.6,1218733624.3
MXI ,0,1218733805.7,1218733811.4
MXI ,0,1218735062.5,1218735069.1
MXI ,0,1218735681.4,1218735691.9
MXI ,0,1218736491.2,1218736496.2
MXI ,0,1218737081.3,1218737084.9
MXI ,0,1218737938.3,1218737943.1
MXI ,0,1218738399.5,1218738402.9
MXI ,0,1218739501.3,1218739505.2
MXI ,0,1218740626.7,1218740630.4
MXI ,0,1218741357.1,1218741365.3
MXI ,0,1218741645.9,1218741656.9
MXI ,0,1218742442.6,1218742446.3
MXI ,0,1218742892.4,1218742898.1
MXI ,0,1218742993.9,1218743000.6
MXI ,0,1218743589.3,1218743594.7
MXI ,0,1218744074.3,1218744078.4
MXI ,0,1218744410.6,1218744424.5
MXI ,0,1218744556.8,1218744561.0
MXI ,0,1218746269.2,1218746285.0
MXI ,0,1218746740.1,1218746743.5
MXI ,0,1218747367.7,1218747378.3
MXI ,0,1218748928.3,1218748934.6
MXI ,0,1218750063.9,1218750067.6
MXI ,0,1218751133.3,1218751136.5
MXI ,0,1218751647.6,1218751657.5
MXI ,0,1218752187.6,1218752201.8
MXI ,0,1218752674.5,1218752690.5
MXI ,0,1218753859.4,1218753874.4
MXI ,0,1218754469.7,1218754475.0
MXI ,0,1218754989.4,1218754995.6
MXI ,0,1218755317.0,1218755323.0
MXI ,0,1218755869.8,1218755876.0
MXI ,0,1218757493.1,1218757498.2
MXI ,0,1218760676.9,1218760684.2
MXI ,0,1218762129.1,1218762134.9
MXI ,0,1218762378.9,1218762385.6
MXI ,0,1218763032.4,1218763036.5
MXI ,0,1218764292.1,1218764296.2
MXI ,0,1218764869.3,1218764873.0
MXI ,0,1218765482.9,1218765488.2
MXI ,0,1218765939.4,1218765944.7
MXI ,0,1218768195.1,1218768197.9
MXI ,0,1218768997.1,1218769006.5
MXI ,0,1218773839.3,1218773844.3
MXI ,0,1218774729.2,1218774732.7
MXI ,0,1218775329.1,1218775335.2
MXI ,0,1218776322.1,1218776326.9
MXI ,0,1218779584.7,1218779589.4
MXI ,0,1218780367.7,1218780371.2
MXI ,0,1218781182.1,1218781192.4
MXI ,0,1218782400.2,1218782409.7
MXI ,0,1218783459.0,1218783463.4
MXI ,0,1218784432.3,1218784437.1
MXI ,0,1218789409.6,1218789416.1
MXI ,0,1218790871.4,1218790877.0
MXI ,0,1218792404.5,1218792414.6
MXI ,0,1218795385.6,1218795390.2
MXI ,0,1218798134.7,1218798139.5
MXI ,0,1218799073.7,1218799078.9
MXI ,0,1218799935.2,1218799941.8
MXI ,0,1218801743.9,1218801747.0
MXI ,0,1218801870.6,1218801876.6
MXI ,0,1218806266.6,1218806272.3
MXI ,0,1218809723.7,1218809730.6
MXI ,0,1218810918.3,1218810927.1
MXI ,0,1218811531.3,1218811540.7
MXI ,0,1218811927.0,1218811931.0
MXI ,0,1218814771.8,1218814781.8
MXI ,0,1218816042.0,1218816045.8
MXI ,0,1218817066.1,1218817073.1
MXI ,0,1218818641.6,1218818644.8
MXI ,0,1218819369.8,1218819373.0
MXI ,0,1218820328.3,1218820335.1
MXI ,0,1218820819.6,1218820825.7
MXI ,0,1218821491.7,1218821495.8
MXI ,0,1218821647.7,1218821652.3
MXI ,0,1218821732.1,1218821738.3
MXI ,0,1218822049.7,1218822054.8
MXI ,0,1218822393.0,1218822402.4
MXI ,0,1218822630.2,1218822636.2
MXI ,0,1218823663.2,1218823667.1
MXI ,0,1218824000.4,1218824008.4
MXI ,0,1218824689.4,1218824698.9
MXI ,0,1218824810.5,1218824814.4
MXI ,0,1218825181.5,1218825187.6
MXI ,0,1218826928.3,1218826947.5
MXI ,0,1218827112.3,1218827120.3
MXI ,0,1218828998.2,1218829003.3
MXI ,0,1218829466.1,1218829469.9
MXI ,0,1218830212.3,1218830221.5
MXI ,0,1218830684.1,1218830688.8
MXI ,0,1218831406.5,1218831425.7
MXI ,0,1218831572.9,1218831576.9
MXI ,0,1218831985.0,1218831990.4
MXI ,0,1218833382.4,1218833391.2
MXI ,0,1218833681.0,1218833691.1
MXI ,0,1218834702.1,1218834712.7
MXI ,0,1218834953.3,1218834960.6
MXI ,0,1218835873.8,1218835884.0
MXI ,0,1218839976.2,1218839992.8
MXI ,0,1218841432.8,1218841436.7
MXI ,0,1218841783.3,1218841790.7
MXI ,0,1218842089.1,1218842102.0
MXI ,0,1218843466.1,1218843477.5
MXI ,0,1218844202.8,1218844208.4
MXI ,0,1218845061.3,1218845065.9
MXI ,0,1218848681.1,1218848685.2
MXI ,0,1218850121.2,1218850126.7
MXI ,0,1218850248.2,1218850257.4
MXI ,0,1218851693.9,1218851698.3
MXI ,0,1218858052.3,1218858058.8
MXI ,0,1218859350.3,1218859357.7
MXI ,0,1218860063.1,1218860066.0
MXI ,0,1218867079.2,1218867083.3
MXI ,0,1218867952.0,1218867956.7
MXI ,0,1218868850.8,1218868856.7
MXI ,0,1218878091.4,1218878096.8
MXI ,0,1218878330.6,1218878335.1
MXI ,0,1218878869.4,1218878874.3
MXI ,0,1218879265.2,1218879271.3
MXI ,0,1218879743.8,1218879745.8
MXI ,0,1218880947.7,1218880950.3
MXI ,0,1218881261.2,1218881268.9
MXI ,0,1218883297.4,1218883303.8
MXI ,0,1218885590.9,1218885595.1
MXI ,0,1218886549.5,1218886555.1
MXI ,0,1218886667.9,1218886677.0
MXI ,0,1218888903.0,1218888907.6
MXI ,0,1218891028.4,1218891033.3
MXI ,0,1218891835.6,1218891842.7
MXI ,0,1218893274.3,1218893281.6
MXI ,0,1218893445.5,1218893448.9
MXI ,0,1218895453.2,1218895459.2
MXI ,0,1218896922.3,1218896926.8
MXI ,0,1218897486.8,1218897492.1
MXI ,0,1218902269.8,1218902275.6
MXI ,0,1218903064.5,1218903071.4
MXI ,0,1218903179.5,1218903182.7
MXI ,0,1218903563.9,1218903572.9
MXI ,0,1218905325.6,1218905333.5
MXI ,0,1218906134.0,1218906141.4
MXI ,0,1218906641.5,1218906645.1
MXI ,0,1218906695.8,1218906708.5
MXI ,0,1218907349.6,1218907352.3
MXI ,0,1218908515.1,1218908525.4
MXI ,0,1218908731.5,1218908738.1
MXI ,0,1218908773.3,1218908779.8
MXI ,0,1218909935.8,1218909941.2
MXI ,0,1218910824.9,1218910831.8
MXI ,0,1218911784.9,1218911793.9
MXI ,0,1218913045.3,1218913049.3
MXI ,0,1218913067.1,1218913072.9
MXI ,0,1218913340.4,1218913346.2
MXI ,0,1218913581.1,1218913590.5
MXI ,0,1218913646.5,1218913657.4
MXI ,0,1218914036.8,1218914043.5
MXI ,0,1218914159.2,1218914162.5
MXI ,0,1218915109.5,1218915117.9
MXI ,0,1218916071.9,1218916082.1
MXI ,0,1218916546.4,1218916553.3
MXI ,0,1218916989.0,1218916993.0
MXI ,0,1218919208.0,1218919213.9
MXI ,0,1218919991.8,1218920001.7
MXI ,0,1218921566.5,1218921571.6
MXI ,0,1218922729.0,1218922736.4
MXI ,0,1218922833.6,1218922840.2
MXI ,0,1218922967.0,1218922983.8
MXI ,0,1218924885.8,1218924888.9
MXI ,0,1218925426.6,1218925429.8
MXI ,0,1218925859.5,1218925862.9
MXI ,0,1218926709.3,1218926717.3
MXI ,0,1218926884.8,1218926890.2
MXI ,0,1218928171.8,1218928176.0
MXI ,0,1218928397.9,1218928403.0
MXI ,0,1218931772.8,1218931779.1
MXI ,0,1218962028.8,1218962038.9
MXI ,0,1218964734.0,1218964746.8
MXI ,0,1218967318.9,1218967324.9
MXI ,0,1218968674.9,1218968685.5
MXI ,0,1218970124.9,1218970131.1
MXI ,0,1218970510.0,1218970519.3
MXI ,0,1218970927.0,1218970930.3
MXI ,0,1218976595.5,1218976598.9
MXI ,0,1218977222.2,1218977227.5
MXI ,0,1218979130.6,1218979137.7
MXI ,0,1218979831.4,1218979835.5
MXI ,0,1218980074.1,1218980083.9
MXI ,0,1218980589.6,1218980594.9
MXI ,0,1218981129.8,1218981135.8
MXI ,0,1218981908.9,1218981911.8
MXI ,0,1218983955.2,1218983958.6
MXI ,0,1218984376.1,1218984380.9
MXI ,0,1218984832.5,1218984849.1
MXI ,0,1218986071.1,1218986076.8
MXI ,0,1218987964.9,1218987969.8
MXI ,0,1218989114.9,1218989120.4
MXI ,0,1218990938.0,1218990943.0
MXI ,0,1218991665.1,1218991671.5
MXI ,0,1218991844.6,1218991852.5
MXI ,0,1218992998.1,1218993011.3
MXI ,0,1218993106.0,1218993112.4
MXI ,0,1218993680.1,1218993685.0
MXI ,0,1218993859.9,1218993865.1
MXI ,0,1218993873.7,1218993888.4
MXI ,0,1218995454.0,1218995458.4
MXI ,0,1218995918.9,1218995940.9
MXI ,0,1218996144.5,1218996154.1
MXI ,0,1218997270.2,1218997285.1
MXI ,0,1218998182.1,1218998188.4
MXI ,0,1218998330.6,1218998337.3
MXI ,0,1219001495.9,1219001500.5
MXI ,0,1219001739.6,1219001746.6
MXI ,0,1219002220.4,1219002226.8
MXI ,0,1219003412.2,1219003417.2
MXI ,0,1219003547.2,1219003557.1
MXI ,0,1219003722.9,1219003730.0
MXI ,0,1219004687.3,1219004691.9
MXI ,0,1219005282.5,1219005286.5
MXI ,0,1219005451.9,1219005459.2
MXI ,0,1219007052.0,1219007058.7
MXI ,0,1219008646.8,1219008653.4
MXI ,0,1219010862.7,1219010872.7
MXI ,0,1219012584.5,1219012592.7
MXI ,0,1219013690.5,1219013701.5
MXI ,0,1219013852.1,1219013858.2
MXI ,0,1219015380.2,1219015386.3
MXI ,0,1219016216.8,1219016226.9
MXI ,0,1219017912.7,1219017916.9
MXI ,0,1219018294.8,1219018298.3
MXI ,0,1219021928.2,1219021937.2
MXI ,0,1219022083.6,1219022093.0
MXI ,0,1219023844.3,1219023849.0
MXI ,0,1219026152.0,1219026159.0
MXI ,0,1219026993.2,1219026999.7
MXI ,0,1219028458.3,1219028463.3
MXI ,0,1219030113.4,1219030124.3
MXI ,0,1219031022.3,1219031025.7
MXI ,0,1219031951.5,1219031954.9
MXI ,0,1219033284.1,1219033291.3
MXI ,0,1219034774.8,1219034785.2
MXI ,0,1219037815.9,1219037821.6
MXI ,0,1219038364.0,1219038374.6
MXI ,0,1219038546.2,1219038552.7
MXI ,0,1219039683.0,1219039699.2
MXI ,0,1219043061.0,1219043064.9
MXI ,0,1219046235.2,1219046244.8
MXI ,0,1219046684.9,1219046696.5
MXI ,0,1219047259.3,1219047263.6
MXI ,0,1219049306.9,1219049313.5
MXI ,0,1219051750.7,1219051754.0
MXI ,0,1219052708.8,1219052712.4
MXI ,0,1219052813.4,1219052820.5
MXI ,0,1219054038.1,1219054043.5
MXI ,0,1219055153.9,1219055159.3
MXI ,0,1219055648.8,1219055652.1
MXI ,0,1219056181.4,1219056191.6
MXI ,0,1219056336.6,1219056343.4
MXI ,0,1219059978.9,1219059983.8
MXI ,0,1219060616.2,1219060623.3
MXI ,0,1219062653.1,1219062660.6
MXI ,0,1219063769.3,1219063775.0
MXI ,0,1219064790.6,1219064797.2
MXI ,0,1219066331.9,1219066335.0
MXI ,0,1219067056.7,1219067063.2
MXI ,0,1219067199.7,1219067204.2
MXI ,0,1219067823.4,1219067828.2
MXI ,0,1219068155.5,1219068164.3
MXI ,0,1219068817.6,1219068821.3
MXI ,0,1219068986.7,1219068993.2
MXI ,0,1219069157.6,1219069167.9
MXI ,0,1219070676.1,1219070681.1
MXI ,0,1219070889.4,1219070896.9
MXI ,0,1219071521.6,1219071526.3
MXI ,0,1219071803.9,1219071810.4
MXI ,0,1219072289.7,1219072296.0
MXI ,0,1219073111.2,1219073114.8
MXI ,0,1219074243.7,1219074250.1
MXI ,0,1219074734.9,1219074749.1
MXI ,0,1219075113.4,1219075127.7
MXI ,0,1219075735.7,1219075740.5
MXI ,0,1219076465.0,1219076469.1
MXI ,0,1219076517.7,1219076521.4
MXI ,0,1219077527.0,1219077532.6
MXI ,0,1219077996.6,1219078005.9
MXI ,0,1219078474.7,1219078481.5
MXI ,0,1219079244.3,1219079248.0
MXI ,0,1219079576.5,1219079582.0
MXI ,0,1219080353.6,1219080360.2
MXI ,0,1219081394.1,1219081399.5
MXI ,0,1219085095.5,1219085103.3
MXI ,0,1219085663.2,1219085667.5
MXI ,0,1219085940.9,1219085951.3
MXI ,0,1219086152.2,1219086159.1
MXI ,0,1219086951.4,1219086956.8
MXI ,0,1219087891.5,1219087896.7
MXI ,0,1219088072.4,1219088078.8
MXI ,0,1219088574.5,1219088584.3
MXI ,0,1219089485.3,1219089489.2
MXI ,0,1219090164.0,1219090169.3
MXI ,0,1219090203.1,1219090208.2
MXI ,0,1219090920.4,1219090924.9
MXI ,0,1219091288.3,1219091291.5
MXI ,0,1219092055.5,1219092061.2
MXI ,0,1219092426.1,1219092431.9
MXI ,0,1219092834.6,1219092841.6
MXI ,0,1219093063.5,1219093071.1
MXI ,0,1219095201.9,1219095207.1
MXI ,0,1219096107.7,1219096115.5
MXI ,0,1219096970.8,1219096978.9
MXI ,0,1219097058.5,1219097064.0
MXI ,0,1219097095.8,1219097101.7
MXI ,0,1219097323.1,1219097326.3
MXI ,0,1219097355.7,1219097362.2
MXI ,0,1219098666.2,1219098673.1
MXI ,0,1219100304.5,1219100310.4
MXI ,0,1219102391.6,1219102396.7
MXI ,0,1219102886.4,1219102890.8
MXI ,0,1219102973.4,1219102979.3
MXI ,0,1219103087.9,1219103097.8
MXI ,0,1219103601.2,1219103606.0
MXI ,0,1219103877.4,1219103881.3
MXI ,0,1219104577.5,1219104582.6
MXI ,0,1219106754.3,1219106759.6
MXI ,0,1219107747.3,1219107753.6
MXI ,0,1219109762.7,1219109769.7
MXI ,0,1219111524.1,1219111527.9
MXI ,0,1219112345.9,1219112349.8
MXI ,0,1219112895.5,1219112900.9
MXI ,0,1219114310.7,1219114316.2
MXI ,0,1219120568.0,1219120574.2
MXI ,0,1219124791.0,1219124796.1
MXI ,0,1219126016.9,1219126020.4
MXI ,0,1219126275.7,1219126290.9
MXI ,0,1219126441.6,1219126446.5
MXI ,0,1219127299.3,1219127304.4
MXI ,0,1219132183.9,1219132189.7
MXI ,0,1219133053.2,1219133059.4
MXI ,0,1219133644.1,1219133649.3
MXI ,0,1219134103.8,1219134121.2
MXI ,0,1219138173.8,1219138180.3
MXI ,0,1219139939.1,1219139944.1
MXI ,0,1219144248.8,1219144254.8
MXI ,0,1219144746.2,1219144752.9
MXI ,0,1219145900.5,1219145905.7
MXI ,0,1219146813.6,1219146826.0
MXI ,0,1219147021.5,1219147037.2
MXI ,0,1219149710.1,1219149714.1
MXI ,0,1219150665.9,1219150672.3
MXI ,0,1219151729.0,1219151733.2
MXI ,0,1219152770.0,1219152777.7
MXI ,0,1219153927.1,1219153931.1
MXI ,0,1219155248.6,1219155256.0
MXI ,0,1219155772.7,1219155776.6
MXI ,0,1219157141.2,1219157146.7
MXI ,0,1219158554.1,1219158564.0
MXI ,0,1219159776.0,1219159781.7
MXI ,0,1219160119.3,1219160125.7
MXI ,0,1219160450.1,1219160466.6
MXI ,0,1219161726.2,1219161729.5
MXI ,0,1219162864.5,1219162871.1
MXI ,0,1219163086.9,1219163093.4
MXI ,0,1219164032.1,1219164037.7
MXI ,0,1219164655.5,1219164664.8
MXI ,0,1219165217.5,1219165223.0
MXI ,0,1219167325.1,1219167332.1
MXI ,0,1219167912.9,1219167923.2
MXI ,0,1219169179.2,1219169185.3
MXI ,0,1219169310.9,1219169317.3
MXI ,0,1219169828.8,1219169834.5
MXI ,0,1219170351.2,1219170357.2
MXI ,0,1219171555.7,1219171562.3
MXI ,0,1219172911.9,1219172916.4
MXI ,0,1219173937.3,1219173943.9
MXI ,0,1219174571.3,1219174580.7
MXI ,0,1219176152.1,1219176158.2
MXI ,0,1219176371.6,1219176385.4
MXI ,0,1219177796.4,1219177800.3
MXI ,0,1219178111.7,1219178118.6
MXI ,0,1219178698.4,1219178704.4
MXI ,0,1219183993.8,1219183999.1
MXI ,0,1219184202.5,1219184207.5
MXI ,0,1219185365.9,1219185372.4
MXI ,0,1219186528.0,1219186534.2
MXI ,0,1219190520.7,1219190527.0
MXI ,0,1219199915.2,1219199920.1
MXI ,0,1219200060.1,1219200064.0
MXI ,0,1219200504.1,1219200508.8
MXI ,0,1219201058.0,1219201064.1
MXI ,0,1219201277.0,1219201283.1
MXI ,0,1219204222.1,1219204225.3
MXI ,0,1219205769.3,1219205777.7
MXI ,0,1219207280.6,1219207283.9
MXI ,0,1219207386.1,1219207389.8
MXI ,0,1219209595.6,1219209599.6
MXI ,0,1219211838.0,1219211842.1
MXI ,0,1219211933.9,1219211943.1
MXI ,0,1219212434.3,1219212441.0
MXI ,0,1219212646.0,1219212650.6
MXI ,0,1219213954.5,1219213958.3
MXI ,0,1219216026.4,1219216030.5
MXI ,0,1219216164.7,1219216169.6
MXI ,0,1219216509.4,1219216514.5
MXI ,0,1219216861.9,1219216869.0
MXI ,0,1219227861.2,1219227864.3
MXI ,0,1219228303.1,1219228309.0
MXI ,0,1219228814.3,1219228818.7
MXI ,0,1219229636.2,1219229638.5
MXI ,0,1219235789.0,1219235797.8
MXI ,0,1219236905.5,1219236911.5
MXI ,0,1219237724.7,1219237731.0
MXI ,0,1219238180.3,1219238186.5
MXI ,0,1219238600.3,1219238605.1
MXI ,0,1219239622.6,1219239628.0
MXI ,0,1219240565.3,1219240572.8
MXI ,0,1219242285.2,1219242289.9
MXI ,0,1219243241.8,1219243251.9
MXI ,0,1219244449.8,1219244456.5
MXI ,0,1219246415.1,1219246419.9
MXI ,0,1219247486.4,1219247493.1
MXI ,0,1219248664.8,1219248671.4
MXI ,0,1219249258.3,1219249265.5
MXI ,0,1219249470.9,1219249479.0
MXI ,0,1219249803.4,1219249810.6
MXI ,0,1219249836.8,1219249842.5
MXI ,0,1219250742.3,1219250745.6
MXI ,0,1219252178.4,1219252189.6
MXI ,0,1219253757.2,1219253760.9
MXI ,0,1219254926.3,1219254929.2
MXI ,0,1219255726.1,1219255732.6
MXI ,0,1219255824.2,1219255834.4
MXI ,0,1219256665.7,1219256671.1
MXI ,0,1219256677.9,1219256683.9
MXI ,0,1219258069.4,1219258075.8
MXI ,0,1219259336.1,1219259341.1
MXI ,0,1219259904.2,1219259907.3
MXI ,0,1219260005.9,1219260023.3
MXI ,0,1219260431.0,1219260438.6
MXI ,0,1219260911.9,1219260922.4
MXI ,0,1219261383.9,1219261393.7
MXI ,0,1219262039.5,1219262046.2
MXI ,0,1219262082.5,1219262090.8
MXI ,0,1219263773.1,1219263779.8
MXI ,0,1219264113.4,1219264117.9
MXI ,0,1219265458.1,1219265463.4
MXI ,0,1219265809.3,1219265813.8
MXI ,0,1219267958.4,1219267963.6
MXI ,0,1219268177.0,1219268185.5
MXI ,0,1219269232.8,1219269239.5
MXI ,0,1219270266.3,1219270270.8
MXI ,0,1219272612.0,1219272625.5
MXI ,0,1219272647.0,1219272652.8
MXI ,0,1219272771.0,1219272780.1
MXI ,0,1219274496.5,1219274502.2
MXI ,0,1219275755.6,1219275761.8
MXI ,0,1219276756.0,1219276761.7
MXI ,0,1219277626.4,1219277633.8
MXI ,0,1219278120.2,1219278127.0
MXI ,0,1219278760.3,1219278767.6
MXI ,0,1219279919.0,1219279922.4
MXI ,0,1219281849.1,1219281853.3
MXI ,0,1219282014.5,1219282022.7
MXI ,0,1219285290.6,1219285296.8
MXI ,0,1219285609.2,1219285618.4
MXI ,0,1219287186.3,1219287189.9
MXI ,0,1219290061.3,1219290064.9
MXI ,0,1219290924.8,1219290929.9
MXI ,0,1219291134.8,1219291140.2
MXI ,0,1219291982.2,1219291986.3
MXI ,0,1219293767.8,1219293773.9
MXI ,0,1219295022.7,1219295030.1
MXI ,0,1219300678.5,1219300696.2
MXI ,0,1219302006.9,1219302012.5
MXI ,0,1219304861.5,1219304865.8
MXI ,0,1219305178.5,1219305201.0
MXI ,0,1219306028.3,1219306037.7
MXI ,0,1219306270.0,1219306273.5
MXI ,0,1219306777.5,1219306784.5
MXI ,0,1219308616.5,1219308622.6
MXI ,0,1219310809.6,1219310821.3
MXI ,0,1219311703.2,1219311709.5
MXI ,0,1219311891.9,1219311900.3
MXI ,0,1219312462.7,1219312469.0
MXI ,0,1219313443.8,1219313453.0
MXI ,0,1219313843.7,1219313858.3
MXI ,0,1219315169.8,1219315176.8
MXI ,0,1219316602.6,1219316605.9
MXI ,0,1219317769.6,1219317780.3
MXI ,0,1219318934.8,1219318938.8
MXI ,0,1219319339.5,1219319346.7
MXI ,0,1219321316.7,1219321322.8
MXI ,0,1219323310.3,1219323314.0
MXI ,0,1219325060.1,1219325063.0
MXI ,0,1219325970.6,1219325980.2
MXI ,0,1219328610.0,1219328614.4
MXI ,0,1219329032.4,1219329035.7
MXI ,0,1219329247.4,1219329252.2
MXI ,0,1219329543.5,1219329546.5
MXI ,0,1219330927.6,1219330933.8
MXI ,0,1219331669.1,1219331685.3
MXI ,0,1219332534.2,1219332543.1
MXI ,0,1219332845.7,1219332849.3
MXI ,0,1219334129.4,1219334134.4
MXI ,0,1219334201.6,1219334204.8
MXI ,0,1219334421.9,1219334428.7
MXI ,0,1219336300.2,1219336304.5
MXI ,0,1219336466.4,1219336472.2
MXI ,0,1219336550.8,1219336559.0
MXI ,0,1219336590.1,1219336594.4
MXI ,0,1219338555.9,1219338560.9
MXI ,0,1219340562.4,1219340572.0
MXI ,0,1219340984.9,1219341001.7
MXI ,0,1219341400.9,1219341410.7
MXI ,0,1219341486.3,1219341489.9
MXI ,0,1219341762.2,1219341769.9
MXI ,0,1219342613.8,1219342617.9
MXI ,0,1219344154.5,1219344160.3
MXI ,0,1219344859.0,1219344866.5
MXI ,0,1219347968.5,1219347975.5
MXI ,0,1219349920.9,1219349924.1
MXI ,0,1219351617.0,1219351627.9
MXI ,0,1219352074.0,1219352080.6
MXI ,0,1219352685.6,1219352691.0
MXI ,0,1219353623.6,1219353628.4
MXI ,0,1219354865.5,1219354870.7
MXI ,0,1219356683.6,1219356692.7
MXI ,0,1219357676.6,1219357685.9
MXI ,0,1219360066.9,1219360073.5
MXI ,0,1219360762.0,1219360777.9
MXI ,0,1219362382.3,1219362386.0
MXI ,0,1219363675.2,1219363682.0
MXI ,0,1219364518.6,1219364524.4
MXI ,0,1219368377.4,1219368382.5
MXI ,0,1219368406.8,1219368422.0
MXI ,0,1219369305.3,1219369307.9
MXI ,0,1219371033.1,1219371050.5
MXI ,0,1219371698.7,1219371702.6
MXI ,0,1219376291.0,1219376297.4
MXI ,0,1219377549.6,1219377553.0
MXI ,0,1219378642.1,1219378646.3
MXI ,0,1219383515.0,1219383519.9
MXI ,0,1219383799.8,1219383806.7
MXI ,0,1219383833.6,1219383840.5
MXI ,0,1219384563.5,1219384568.2
MXI ,0,1219384955.9,1219384962.5
MXI ,0,1219388918.3,1219388920.4
MXI ,0,1219391643.7,1219391647.8
MXI ,0,1219395061.5,1219395068.2
MXI ,0,1219397155.9,1219397160.9
MXI ,0,1219398218.6,1219398225.1
MXI ,0,1219399004.8,1219399006.8
MXI ,0,1219401078.3,1219401086.2
MXI ,0,1219401863.3,1219401867.4
MXI ,0,1219402289.2,1219402296.0
MXI ,0,1219404296.6,1219404300.5
MXI ,0,1219405225.5,1219405235.6
MXI ,0,1219406168.4,1219406179.4
MXI ,0,1219406414.9,1219406418.1
MXI ,0,1219407056.1,1219407060.5
MXI ,0,1219407563.0,1219407569.8
MXI ,0,1219408346.4,1219408350.7
MXI ,0,1219408789.9,1219408793.8
MXI ,0,1219409190.8,1219409196.2
MXI ,0,1219410326.5,1219410333.3
MXI ,0,1219411656.1,1219411662.2
MXI ,0,1219413439.9,1219413444.1
MXI ,0,1219413506.5,1219413515.3
MXI ,0,1219413756.3,1219413761.3
MXI ,0,1219415921.9,1219415925.9
MXI ,0,1219416458.2,1219416461.7
MXI ,0,1219417390.3,1219417395.0
MXI ,0,1219418345.7,1219418350.2
MXI ,0,1219418414.5,1219418418.7
MXI ,0,1219419233.1,1219419239.1
MXI ,0,1219419921.4,1219419924.0
MXI ,0,1219419975.9,1219419978.9
MXI ,0,1219420092.2,1219420096.6
MXI ,0,1219420367.5,1219420373.7
MXI ,0,1219421946.6,1219421957.5
MXI ,0,1219424125.0,1219424129.2
MXI ,0,1219424909.6,1219424915.7
MXI ,0,1219425374.5,1219425378.2
MXI ,0,1219425547.1,1219425553.4
MXI ,0,1219426408.9,1219426415.0
MXI ,0,1219426474.1,1219426480.3
MXI ,0,1219427688.3,1219427696.7
MXI ,0,1219428722.3,1219428726.5
MXI ,0,1219428850.2,1219428854.5
MXI ,0,1219430325.9,1219430334.1
MXI ,0,1219431893.5,1219431908.0
MXI ,0,1219432505.7,1219432512.6
MXI ,0,1219432741.0,1219432756.8
MXI ,0,1219432911.1,1219432921.2
MXI ,0,1219433508.2,1219433519.1
MXI ,0,1219434526.5,1219434544.3
MXI ,0,1219434715.8,1219434723.3
MXI ,0,1219435618.7,1219435623.0
MXI ,0,1219436295.5,1219436299.7
MXI ,0,1219437538.6,1219437544.3
MXI ,0,1219439325.9,1219439329.1
MXI ,0,1219440515.8,1219440520.9
MXI ,0,1219441397.2,1219441406.8
MXI ,0,1219443155.8,1219443160.2
MXI ,0,1219443531.0,1219443541.8
MXI ,0,1219446572.5,1219446588.6
MXI ,0,1219447822.8,1219447827.7
MXI ,0,1219452620.8,1219452631.9
MXI ,0,1219453515.8,1219453519.2
MXI ,0,1219456500.2,1219456505.7
MXI ,0,1219463108.6,1219463112.0
MXI ,0,1219463732.2,1219463737.0
MXI ,0,1219464614.7,1219464621.8
MXI ,0,1219466771.1,1219466775.1
MXI ,0,1219467779.6,1219467792.3
MXI ,0,1219469948.7,1219469954.0
MXI ,0,1219470004.3,1219470007.6
MXI ,0,1219470626.5,1219470631.0
MXI ,0,1219471208.3,1219471211.3
MXI ,0,1219471351.6,1219471358.4
MXI ,0,1219471614.5,1219471618.8
MXI ,0,1219471703.1,1219471713.0
MXI ,0,1219471945.2,1219471950.0
MXI ,0,1219473710.2,1219473716.3
MXI ,0,1219474457.6,1219474462.6
MXI ,0,1219475153.8,1219475160.1
MXI ,0,1219476415.4,1219476419.7
MXI ,0,1219478446.3,1219478455.3
MXI ,0,1219479053.3,1219479056.7
MXI ,0,1219480385.9,1219480391.2
MXI ,0,1219482784.9,1219482790.1
MXI ,0,1219492409.8,1219492415.5
MXI ,0,1219492591.5,1219492595.9
MXI ,0,1219493114.8,1219493119.9
MXI ,0,1219493633.8,1219493652.2
MXI ,0,1219494033.6,1219494039.9
MXI ,0,1219498063.1,1219498067.1
MXI ,0,1219498704.5,1219498714.2
MXI ,0,1219499141.2,1219499147.4
MXI ,0,1219500070.0,1219500075.9
MXI ,0,1219500353.8,1219500359.3
MXI ,0,1219500717.7,1219500721.1
MXI ,0,1219501178.7,1219501184.5
MXI ,0,1219503379.1,1219503383.4
MXI ,0,1219504940.4,1219504947.2
MXI ,0,1219505201.3,1219505208.7
MXI ,0,1219505669.5,1219505674.6
MXI ,0,1219506056.2,1219506061.5
MXI ,0,1219506586.6,1219506593.5
MXI ,0,1219507540.3,1219507547.7
MXI ,0,1219508123.8,1219508142.1
MXI ,0,1219508832.8,1219508837.1
MXI ,0,1219509301.7,1219509307.4
MXI ,0,1219509333.5,1219509340.2499998
MXI ,0,1219513625.4,1219513631.2
MXI ,0,1219513868.9,1219513874.4
MXI ,0,1219514656.5,1219514660.2
MXI ,0,1219514682.5,1219514687.0
MXI ,0,1219515493.8,1219515496.9
MXI ,0,1219516950.7,1219516957.1
MXI ,0,1219517060.8,1219517066.9
MXI ,0,1219517812.0,1219517819.6
MXI ,0,1219518490.1,1219518493.8
MXI ,0,1219520194.6,1219520200.8
MXI ,0,1219520219.3,1219520223.9
MXI ,0,1219522341.4,1219522351.2
MXI ,0,1219522549.7,1219522556.8
MXI ,0,1219522870.5,1219522877.85
MXI ,0,1219523913.7,1219523917.1
MXI ,0,1219526603.9,1219526608.8
MXI ,0,1219528234.3,1219528239.4
MXI ,0,1219528644.2,1219528663.0
MXI ,0,1219530695.6,1219530707.3
MXI ,0,1219531411.4,1219531425.5
MXI ,0,1219531778.6,1219531785.2
MXI ,0,1219532339.3,1219532342.5
MXI ,0,1219534093.8,1219534099.2
MXI ,0,1219534555.9,1219534562.1
MXI ,0,1219538257.3,1219538262.5
MXI ,0,1219538665.8,1219538683.5
MXI ,0,1219539320.6,1219539327.2
MXI ,0,1219540237.9,1219540241.3
MXI ,0,1219540480.1,1219540485.6
MXI ,0,1219541632.7,1219541638.4
MXI ,0,1219543261.6,1219543267.2
MXI ,0,1219544226.3,1219544230.0
MXI ,0,1219544429.4,1219544435.6
MXI ,0,1219545231.1,1219545234.6
MXI ,0,1219545679.8,1219545684.9
MXI ,0,1219547078.0,1219547091.4
MXI ,0,1219548157.9,1219548163.2
MXI ,0,1219553102.5,1219553110.1
MXI ,0,1219553608.9,1219553612.3
MXI ,0,1219554455.2,1219554461.9
MXI ,0,1219558713.7,1219558718.9
MXI ,0,1219558941.4,1219558947.6
MXI ,0,1219561869.7,1219561878.1
MXI ,0,1219562667.8,1219562673.0
MXI ,0,1219564225.5,1219564232.1
MXI ,0,1219566207.2,1219566210.0
MXI ,0,1219566643.7,1219566659.6
MXI ,0,1219567663.6,1219567669.4
MXI ,0,1219568283.2,1219568292.7
MXI ,0,1219568314.5,1219568320.9
MXI ,0,1219569016.8,1219569021.2
MXI ,0,1219570188.2,1219570193.6
MXI ,0,1219571585.1,1219571590.6
MXI ,0,1219572017.5,1219572020.7
MXI ,0,1219573807.4,1219573814.5
MXI ,0,1219574676.9,1219574680.7
MXI ,0,1219575536.7,1219575543.1
MXI ,0,1219575757.7,1219575762.1
MXI ,0,1219579229.4,1219579236.8
MXI ,0,1219580024.3,1219580030.8
MXI ,0,1219580092.7,1219580097.4
MXI ,0,1219580559.1,1219580563.9
MXI ,0,1219580831.2,1219580837.6
MXI ,0,1219581125.1,1219581127.9
MXI ,0,1219581295.1,1219581301.0
MXI ,0,1219582293.9,1219582298.0
MXI ,0,1219582329.0,1219582333.0
MXI ,0,1219583338.7,1219583341.6
MXI ,0,1219583934.3,1219583943.5
MXI ,0,1219584946.0,1219584950.3
MXI ,0,1219585754.8,1219585759.5
MXI ,0,1219585791.5,1219585798.3
MXI ,0,1219586267.0,1219586276.2
MXI ,0,1219587214.1,1219587219.3
MXI ,0,1219587673.3,1219587676.9
MXI ,0,1219588654.5,1219588660.4
MXI ,0,1219588722.4,1219588728.9
MXI ,0,1219589309.6,1219589317.2
MXI ,0,1219589415.6,1219589420.1
MXI ,0,1219590541.4,1219590545.1
MXI ,0,1219591159.5,1219591163.2
MXI ,0,1219591301.0,1219591315.9
MXI ,0,1219591747.0,1219591753.1
MXI ,0,1219592591.9,1219592597.7
MXI ,0,1219593133.0,1219593140.1
MXI ,0,1219593351.5,1219593358.2
MXI ,0,1219594668.7,1219594672.6
MXI ,0,1219596066.0,1219596070.9
MXI ,0,1219596367.3,1219596373.9
MXI ,0,1219597776.3,1219597788.8
MXI ,0,1219598965.5,1219598971.3
MXI ,0,1219600355.2,1219600360.1
MXI ,0,1219600837.3,1219600843.9
MXI ,0,1219601265.7,1219601274.3
MXI ,0,1219602315.7,1219602321.8
MXI ,0,1219603129.4,1219603135.8
MXI ,0,1219603248.9,1219603253.0
MXI ,0,1219605084.6,1219605088.7
MXI ,0,1219605846.2,1219605850.9
MXI ,0,1219606579.8,1219606586.5
MXI ,0,1219607469.3,1219607475.6
MXI ,0,1219607520.7,1219607525.9
MXI ,0,1219609315.0,1219609321.1
MXI ,0,1219609363.9,1219609374.3
MXI ,0,1219610536.1,1219610540.4
MXI ,0,1219611690.1,1219611700.0
MXI ,0,1219612167.1,1219612173.3
MXI ,0,1219613012.7,1219613015.7
MXI ,0,1219614658.5,1219614668.9
MXI ,0,1219615445.8,1219615452.7
MXI ,0,1219615585.8,1219615589.7
MXI ,0,1219616719.4,1219616724.3
MXI ,0,1219616800.3,1219616804.2
MXI ,0,1219617989.1,1219617994.3
MXI ,0,1219618661.1,1219618665.3
MXI ,0,1219620403.3,1219620413.5
MXI ,0,1219621881.4,1219621887.2
MXI ,0,1219623363.1,1219623367.6
MXI ,0,1219623763.2,1219623771.1
MXI ,0,1219624623.9,1219624629.3
MXI ,0,1219624771.2,1219624780.1
MXI ,0,1219625026.8,1219625032.5
MXI ,0,1219629152.8,1219629158.4
MXI ,0,1219629892.6,1219629900.5
MXI ,0,1219631504.4,1219631509.5
MXI ,0,1219632155.2,1219632161.8
MXI ,0,1219632666.5,1219632672.7
MXI ,0,1219634111.2,1219634115.4
MXI ,0,1219634542.5,1219634553.2
MXI ,0,1219634703.8,1219634710.5
MXI ,0,1219635192.4,1219635207.5
MXI ,0,1219636252.4,1219636259.1
MXI ,0,1219636788.6,1219636798.3
MXI ,0,1219637680.7,1219637690.2
MXI ,0,1219639320.8,1219639326.9
MXI ,0,1219639455.3,1219639458.2
MXI ,0,1219639482.0,1219639486.9
MXI ,0,1219642060.8,1219642068.9
MXI ,0,1219643049.1,1219643053.4
MXI ,0,1219644149.9,1219644155.2
MXI ,0,1219648022.7,1219648038.2
MXI ,0,1219648636.9,1219648642.2
MXI ,0,1219649773.1,1219649778.0
MXI ,0,1219653702.4,1219653709.4
MXI ,0,1219654162.1,1219654167.6
MXI ,0,1219654770.8,1219654777.2
MXI ,0,1219656027.1,1219656035.9
MXI ,0,1219656233.1,1219656240.0
MXI ,0,1219659726.6,1219659732.9
MXI ,0,1219661542.9,1219661551.1
MXI ,0,1219666122.1,1219666127.4
MXI ,0,1219669242.4,1219669245.3
MXI ,0,1219669929.4,1219669933.5
MXI ,0,1219670864.6,1219670867.8
MXI ,0,1219672555.9,1219672558.9
MXI ,0,1219674037.3,1219674042.7
MXI ,0,1219675474.1,1219675479.1
MXI ,0,1219677380.3,1219677385.3
MXI ,0,1219678602.9,1219678610.4
MXI ,0,1219680824.6,1219680829.6
MXI ,0,1219681676.5,1219681680.7
MXI ,0,1219682031.6,1219682039.3
MXI ,0,1219682799.8,1219682805.2
MXI ,0,1219683420.3,1219683427.8
MXI ,0,1219683762.9,1219683769.9
MXI ,0,1219684701.6,1219684705.6
MXI ,0,1219687382.7,1219687389.6
MXI ,0,1219687536.0,1219687542.9
MXI ,0,1219687922.1,1219687927.4
MXI ,0,1219688105.9,1219688117.0
MXI ,0,1219688309.8,1219688315.8
MXI ,0,1219688519.1,1219688525.6
MXI ,0,1219691144.0,1219691148.7
MXI ,0,1219691273.8,1219691278.0
MXI ,0,1219691689.4,1219691706.5
MXI ,0,1219693268.1,1219693272.6
MXI ,0,1219695508.4,1219695511.4
MXI ,0,1219695669.3,1219695675.5
MXI ,0,1219695946.6,1219695952.3
MXI ,0,1219696473.2,1219696479.2
MXI ,0,1219697425.3,1219697431.2
MXI ,0,1219697645.3,1219697661.6
MXI ,0,1219698526.2,1219698532.0
MXI ,0,1219698650.7,1219698656.3
MXI ,0,1219699428.5,1219699431.5
MXI ,0,1219699734.4,1219699739.4
MXI ,0,1219700026.2,1219700029.0
MXI ,0,1219700082.9,1219700089.6
MXI ,0,1219700496.7,1219700505.8
MXI ,0,1219701523.4,1219701536.3
MXI ,0,1219702116.0,1219702118.9
MXI ,0,1219702197.8,1219702203.6
MXI ,0,1219702329.7,1219702339.4
MXI ,0,1219702759.6,1219702765.3
MXI ,0,1219704109.0,1219704118.9
MXI ,0,1219706551.4,1219706556.6
MXI ,0,1219707896.5,1219707902.9
MXI ,0,1219709668.0,1219709671.6
MXI ,0,1219710687.6,1219710694.4
MXI ,0,1219713806.8,1219713811.9
MXI ,0,1219715726.4,1219715729.6
MXI ,0,1219717322.1,1219717325.1
MXI ,0,1219719510.0,1219719514.9
MXI ,0,1219720717.7,1219720727.7
MXI ,0,1219723131.1,1219723137.0
MXI ,0,1219724631.6,1219724642.6
MXI ,0,1219725353.3,1219725356.2
MXI ,0,1219725815.7,1219725820.9
MXI ,0,1219726988.7,1219726992.4
MXI ,0,1219728126.1,1219728132.3
MXI ,0,1219728747.2,1219728750.4
MXI ,0,1219730832.8,1219730838.5
MXI ,0,1219739625.5,1219739629.3
MXI ,0,1219743235.4,1219743237.4
MXI ,0,1219743895.2,1219743898.9
MXI ,0,1219745305.5,1219745309.8
MXI ,0,1219747339.1,1219747349.6
MXI ,0,1219751036.4,1219751042.4
MXI ,0,1219753337.3,1219753344.2
MXI ,0,1219753799.6,1219753806.4
MXI ,0,1219755985.4,1219755988.9
MXI ,0,1219757188.1,1219757193.0
MXI ,0,1219758043.8,1219758047.0
MXI ,0,1219758773.0,1219758779.6
MXI ,0,1219759363.6,1219759368.0
MXI ,0,1219760762.2,1219760772.2
MXI ,0,1219761395.8,1219761410.2
MXI ,0,1219762343.7,1219762348.2
MXI ,0,1219765594.3,1219765598.5
MXI ,0,1219765929.5,1219765933.5
MXI ,0,1219766747.0,1219766750.4
MXI ,0,1219767465.0,1219767471.9
MXI ,0,1219768595.0,1219768598.6
MXI ,0,1219768998.2,1219769008.5
MXI ,0,1219769529.4,1219769537.9
MXI ,0,1219770136.5,1219770142.6
MXI ,0,1219770458.8,1219770467.8
MXI ,0,1219771367.5,1219771374.0
MXI ,0,1219771468.2,1219771472.5
MXI ,0,1219771627.1,1219771632.5
MXI ,0,1219772116.0,1219772120.1
MXI ,0,1219772927.2,1219772931.2
MXI ,0,1219774626.4,1219774631.4
MXI ,0,1219775341.5,1219775347.9
MXI ,0,1219775710.5,1219775726.2
MXI ,0,1219776289.4,1219776296.4
MXI ,0,1219778969.2,1219778972.4
MXI ,0,1219779559.2,1219779563.1
MXI ,0,1219779987.9,1219779995.0
MXI ,0,1219780137.7,1219780143.9
MXI ,0,1219780168.3,1219780174.5
MXI ,0,1219781235.9,1219781240.8
MXI ,0,1219782167.0,1219782174.7
MXI ,0,1219782902.4,1219782906.5
MXI ,0,1219783536.8,1219783543.7
MXI ,0,1219783841.4,1219783847.6
MXI ,0,1219785917.7,1219785929.4
MXI ,0,1219788610.9,1219788616.5
MXI ,0,1219789079.8,1219789085.8
MXI ,0,1219789896.0,1219789902.6
MXI ,0,1219792330.4,1219792336.6
MXI ,0,1219795358.3,1219795363.3
MXI ,0,1219796770.5,1219796775.9
MXI ,0,1219798725.2,1219798732.5
MXI ,0,1219802690.5,1219802697.8
MXI ,0,1219809779.8,1219809786.0
MXI ,0,1219810431.5,1219810434.8
MXI ,0,1219811334.4,1219811341.4
MXI ,0,1219811578.1,1219811582.6
MXI ,0,1219811953.9,1219811958.6
MXI ,0,1219813519.4,1219813527.3
MXI ,0,1219814114.7,1219814119.0
MXI ,0,1219814283.0,1219814287.8
MXI ,0,1219814723.3,1219814730.2
MXI ,0,1219816024.4,1219816029.5
MXI ,0,1219817216.0,1219817223.0
MXI ,0,1219818402.9,1219818408.2
MXI ,0,1219820482.0,1219820488.0
MXI ,0,1219821424.6,1219821429.7
MXI ,0,1219827830.5,1219827833.6
MXI ,0,1219829788.8,1219829794.0
MXI ,0,1219831920.3,1219831925.4
MXI ,0,1219833734.3,1219833741.2
MXI ,0,1219833894.0,1219833896.8
MXI ,0,1219836468.8,1219836473.3
MXI ,0,1219840114.2,1219840120.3
MXI ,0,1219840924.3,1219840928.0
MXI ,0,1219841716.4,1219841720.2
MXI ,0,1219843729.7,1219843747.5
MXI ,0,1219844434.8,1219844440.2
MXI ,0,1219845131.9,1219845137.5
MXI ,0,1219846497.1,1219846500.1
MXI ,0,1219847559.3,1219847565.5
MXI ,0,1219849015.4,1219849030.5
MXI ,0,1219850130.7,1219850141.1
MXI ,0,1219852242.1,1219852245.9
MXI ,0,1219855716.7,1219855726.1
MXI ,0,1219856638.5,1219856641.8
MXI ,0,1219857311.3,1219857315.5
MXI ,0,1219857531.7,1219857535.4
MXI ,0,1219858074.2,1219858082.2
MXI ,0,1219860535.1,1219860541.9
MXI ,0,1219862374.7,1219862386.0
MXI ,0,1219863443.3,1219863447.3
MXI ,0,1219863849.5,1219863856.5
MXI ,0,1219864818.2,1219864826.0
MXI ,0,1219867015.5,1219867021.1
MXI ,0,1219870006.3,1219870014.4
MXI ,0,1219870718.3,1219870723.5
MXI ,0,1219873471.3,1219873478.9
MXI ,0,1219874741.9,1219874744.7
MXI ,0,1219875179.6,1219875197.1
MXI ,0,1219875576.6,1219875582.5
MXI ,0,1219877011.6,1219877019.2
MXI ,0,1219877846.7,1219877863.1
MXI ,0,1219878279.0,1219878288.6
MXI ,0,1219878971.5,1219878980.8
MXI ,0,1219879777.1,1219879781.5
MXI ,0,1219883512.0,1219883516.8
MXI ,0,1219887907.4,1219887923.8
MXI ,0,1219888285.6,1219888289.5
MXI ,0,1219891690.1,1219891694.9
MXI ,0,1219893021.7,1219893023.5
MXI ,0,1219894467.3,1219894479.0
MXI ,0,1219895651.8,1219895661.0
MXI ,0,1219896617.1,1219896623.3
MXI ,0,1219897329.4,1219897336.0
MXI ,0,1219897494.0,1219897500.6
MXI ,0,1219898988.4,1219899001.7
MXI ,0,1219899576.0,1219899581.0
MXI ,0,1219902302.9,1219902309.0
MXI ,0,1219904189.3,1219904194.1
MXI ,0,1219905380.6,1219905385.6
MXI ,0,1219907727.0,1219907741.1
MXI ,0,1219911902.3,1219911905.9
MXI ,0,1219913345.4,1219913348.6
MXI ,0,1219914198.3,1219914201.6
MXI ,0,1219916458.0,1219916464.5
MXI ,0,1219917180.7,1219917184.5
MXI ,0,1219917499.8,1219917506.3
MXI ,0,1219918770.5,1219918778.1
MXI ,0,1219919835.7,1219919839.1
MXI ,0,1219921459.2,1219921466.7
MXI ,0,1219922778.8,1219922782.7
MXI ,0,1219923924.8,1219923930.3
MXI ,0,1219925643.1,1219925647.6
MXI ,0,1219926994.5,1219926999.6
MXI ,0,1219927470.9,1219927475.8
MXI ,0,1219928018.6,1219928021.4
MXI ,0,1219933103.5,1219933107.1
MXI ,0,1219934315.6,1219934319.8
MXI ,0,1219936028.6,1219936036.9
MXI ,0,1219937183.8,1219937200.0
MXI ,0,1219938288.7,1219938293.9
MXI ,0,1219939871.6,1219939880.7
MXI ,0,1219941127.3,1219941133.0
MXI ,0,1219942510.5,1219942514.3
MXI ,0,1219943429.3,1219943438.5
MXI ,0,1219945151.5,1219945159.6
MXI ,0,1219946494.3,1219946500.0
MXI ,0,1219947463.3,1219947469.8
MXI ,0,1219948807.0,1219948812.3
MXI ,0,1219949387.3,1219949390.6
MXI ,0,1219950455.5,1219950459.8
MXI ,0,1219950798.9,1219950807.2
MXI ,0,1219951573.3,1219951583.1
MXI ,0,1219951786.4,1219951802.9
MXI ,0,1219955309.4,1219955314.2
MXI ,0,1219955910.5,1219955915.1
MXI ,0,1219958607.9,1219958611.8
MXI ,0,1219960017.1,1219960023.8
MXI ,0,1219960944.2,1219960950.6
MXI ,0,1219962028.7,1219962034.2
MXI ,0,1219962193.0,1219962197.4
MXI ,0,1219963019.2,1219963022.5
MXI ,0,1219963643.8,1219963648.3
MXI ,0,1219964818.6,1219964823.9
MXI ,0,1219965070.8,1219965081.0
MXI ,0,1219967563.4,1219967568.8
MXI ,0,1219968262.8,1219968266.0
MXI ,0,1219968838.3,1219968844.1
MXI ,0,1219976874.2,1219976882.1
MXI ,0,1219977170.0,1219977173.7
MXI ,0,1219978516.9,1219978520.5
MXI ,0,1219980882.7,1219980889.5
MXI ,0,1219981015.2,1219981021.2
MXI ,0,1219981157.6,1219981162.9
MXI ,0,1219981884.6,1219981890.3
MXI ,0,1219982406.7,1219982413.3
MXI ,0,1219983564.3,1219983568.6
MXI ,0,1219983971.3,1219983976.7
MXI ,0,1219984690.6,1219984694.5
MXI ,0,1219989855.7,1219989861.1
MXI ,0,1219991300.3,1219991306.1
MXI ,0,1219991411.5,1219991416.4
MXI ,0,1219991849.5,1219991852.5
MXI ,0,1219992482.4,1219992489.1
MXI ,0,1219992792.9,1219992799.0
MXI ,0,1219993605.1,1219993607.9
MXI ,0,1219993990.6,1219993997.2
MXI ,0,1219994210.5,1219994218.3
MXI ,0,1219994303.7,1219994308.0
MXI ,0,1219994495.5,1219994499.6
MXI ,0,1219996284.2,1219996291.3
MXI ,0,1219997008.7,1219997014.9
MXI ,0,1220007561.0,1220007566.3
MXI ,0,1220007668.3,1220007675.0
MXI ,0,1220009616.5,1220009626.8
MXI ,0,1220010294.2,1220010297.3
MXI ,0,1220010626.0,1220010630.7
MXI ,0,1220011849.0,1220011859.1
MXI ,0,1220012957.7,1220012962.4
MXI ,0,1220013448.4,1220013458.2
MXI ,0,1220014048.8,1220014067.8
MXI ,0,1220014676.1,1220014685.8
MXI ,0,1220014973.5,1220014977.0
MXI ,0,1220016615.9,1220016621.6
MXI ,0,1220020693.3,1220020696.8
MXI ,0,1220023334.0,1220023339.5
MXI ,0,1220024423.9,1220024430.5
MXI ,0,1220026478.6,1220026492.3
MXI ,0,1220028441.4,1220028454.6
MXI ,0,1220030112.8,1220030120.4
MXI ,0,1220031088.8,1220031094.5
MXI ,0,1220032089.1,1220032100.5
MXI ,0,1220033310.4,1220033317.4
MXI ,0,1220034536.2,1220034538.7
MXI ,0,1220035703.6,1220035708.8
MXI ,0,1220036130.5,1220036137.6
MXI ,0,1220037370.0,1220037374.0
MXI ,0,1220037828.6,1220037832.2
MXI ,0,1220039010.6,1220039015.0
MXI ,0,1220039632.8,1220039642.2
MXI ,0,1220040247.8,1220040255.2
MXI ,0,1220041823.7,1220041832.6
MXI ,0,1220042171.0,1220042180.8
MXI ,0,1220042886.7,1220042891.5
MXI ,0,1220046932.5,1220046939.1
MXI ,0,1220048325.0,1220048328.5
MXI ,0,1220051820.3,1220051825.6
MXI ,0,1220053408.9,1220053413.5
MXI ,0,1220053986.6,1220053994.2
MXI ,0,1220054094.8,1220054099.5
MXI ,0,1220055389.4,1220055400.5
MXI ,0,1220055422.0,1220055425.6
MXI ,0,1220056133.1,1220056140.5
MXI ,0,1220059011.0,1220059020.9
MXI ,0,1220059036.1,1220059046.1
MXI ,0,1220059809.5,1220059815.3
MXI ,0,1220061252.2,1220061272.0
MXI ,0,1220064243.5,1220064250.2
MXI ,0,1220065183.3,1220065193.5
MXI ,0,1220065643.2,1220065649.7
MXI ,0,1220067136.9,1220067146.7
MXI ,0,1220067217.3,1220067223.9
MXI ,0,1220067906.6,1220067910.7
MXI ,0,1220073108.7,1220073114.6
MXI ,0,1220073794.2,1220073798.5
MXI ,0,1220074629.4,1220074647.1
MXI ,0,1220077477.9,1220077484.5
MXI ,0,1220079674.9,1220079679.3
MXI ,0,1220079766.8,1220079775.9
MXI ,0,1220080478.5,1220080482.1
MXI ,0,1220081618.9,1220081626.0
MXI ,0,1220082329.0,1220082333.2
MXI ,0,1220082773.6,1220082783.3
MXI ,0,1220084964.4,1220084968.6
MXI ,0,1220089692.4,1220089695.4
MXI ,0,1220090225.1,1220090227.9
MXI ,0,1220090351.0,1220090360.3
MXI ,0,1220091097.5,1220091105.2
MXI ,0,1220092032.6,1220092049.3
MXI ,0,1220092730.8,1220092736.9
MXI ,0,1220096845.4,1220096855.7
MXI ,0,1220098501.3,1220098508.0
MXI ,0,1220098628.0,1220098638.2
MXI ,0,1220099647.8,1220099651.0
MXI ,0,1220100928.2,1220100933.0
MXI ,0,1220101583.8,1220101588.4
MXI ,0,1220102439.0,1220102447.8
MXI ,0,1220102767.5,1220102777.2
MXI ,0,1220106043.1,1220106050.3
MXI ,0,1220106797.2,1220106800.4
MXI ,0,1220107802.9,1220107808.4
MXI ,0,1220108713.0,1220108719.4
MXI ,0,1220108877.9,1220108881.0
MXI ,0,1220109219.4,1220109224.3
MXI ,0,1220109473.0,1220109478.2
MXI ,0,1220111441.4,1220111446.6
MXI ,0,1220115454.6,1220115460.8
MXI ,0,1220116694.9,1220116698.9
MXI ,0,1220116819.4499998,1220116825.2
MXI ,0,1220118245.6,1220118248.6
MXI ,0,1220121446.6,1220121462.5
MXI ,0,1220122531.4,1220122545.2
MXI ,0,1220124168.2,1220124173.4
MXI ,0,1220124671.9,1220124683.4
MXI ,0,1220125790.0,1220125793.2
MXI ,0,1220129914.8,1220129919.8
MXI ,0,1220130897.5,1220130904.3
MXI ,0,1220134949.8,1220134955.5500002
MXI ,0,1220135815.8,1220135820.7
MXI ,0,1220136151.4,1220136156.2
MXI ,0,1220136971.0,1220136974.1
MXI ,0,1220137434.9,1220137451.6
MXI ,0,1220139644.5,1220139649.5
MXI ,0,1220140779.5,1220140783.4
MXI ,0,1220141729.6,1220141739.3
MXI ,0,1220142358.3,1220142362.7
MXI ,0,1220143092.6,1220143096.6
MXI ,0,1220145010.0,1220145013.6
MXI ,0,1220147806.3,1220147810.7
MXI ,0,1220150537.1,1220150543.8
MXI ,0,1220150913.2,1220150928.4
MXI ,0,1220151055.9,1220151062.7
MXI ,0,1220151962.4,1220151966.3
MXI ,0,1220152669.3,1220152676.0
MXI ,0,1220153851.6,1220153856.5
MXI ,0,1220157560.2,1220157563.9
MXI ,0,1220158729.9,1220158747.7
MXI ,0,1220159253.6,1220159257.8
MXI ,0,1220159775.4,1220159778.6
MXI ,0,1220160338.2,1220160343.2
MXI ,0,1220162033.5,1220162037.3
MXI ,0,1220163957.9,1220163963.2
MXI ,0,1220164381.2,1220164386.7
MXI ,0,1220164681.5,1220164685.4
MXI ,0,1220165364.0,1220165370.2
MXI ,0,1220165960.3,1220165965.0
MXI ,0,1220168178.9,1220168184.3
MXI ,0,1220169506.8,1220169512.9
MXI ,0,1220174613.7,1220174617.9
MXI ,0,1220176150.2,1220176160.3
MXI ,0,1220176419.4,1220176437.8
MXI ,0,1220183912.1,1220183917.0
MXI ,0,1220184138.0,1220184143.2
MXI ,0,1220184634.8,1220184641.2
MXI ,0,1220185045.0,1220185049.1
MXI ,0,1220185480.3,1220185483.4
MXI ,0,1220188701.9,1220188708.4
MXI ,0,1220188712.9,1220188718.1
MXI ,0,1220189769.7,1220189773.7
MXI ,0,1220192326.0,1220192331.6
MXI ,0,1220195621.5,1220195640.6
MXI ,0,1220196527.9,1220196536.4
MXI ,0,1220197209.3,1220197212.2
